,Musicas,Palavras
0,tempo-perdido,Não
1,tempo-perdido,tenho
2,tempo-perdido,mais
3,tempo-perdido,o
4,tempo-perdido,tempo
5,tempo-perdido,que
6,tempo-perdido,passou
7,tempo-perdido,Mas
8,tempo-perdido,tenho
9,tempo-perdido,muito
10,tempo-perdido,tempo
11,tempo-perdido,Temos
12,tempo-perdido,todo
13,tempo-perdido,o
14,tempo-perdido,tempo
15,tempo-perdido,do
16,tempo-perdido,mundo
17,tempo-perdido,Lembro
18,tempo-perdido,e
19,tempo-perdido,esqueço
20,tempo-perdido,como
21,tempo-perdido,foi
22,tempo-perdido,o
23,tempo-perdido,dia
24,tempo-perdido,Sempre
25,tempo-perdido,em
26,tempo-perdido,frente
27,tempo-perdido,Não
28,tempo-perdido,temos
29,tempo-perdido,tempo
30,tempo-perdido,a
31,tempo-perdido,perder
32,tempo-perdido,É
33,tempo-perdido,bem
34,tempo-perdido,mais
35,tempo-perdido,belo
36,tempo-perdido,que
37,tempo-perdido,esse
38,tempo-perdido,sangue
39,tempo-perdido,amargo
40,tempo-perdido,E
41,tempo-perdido,tão
42,tempo-perdido,sério
43,tempo-perdido,Selvagem
44,tempo-perdido,Selvagem
45,tempo-perdido,A
46,tempo-perdido,tempestade
47,tempo-perdido,que
48,tempo-perdido,chega
49,tempo-perdido,é
50,tempo-perdido,da
51,tempo-perdido,cor
52,tempo-perdido,dos
53,tempo-perdido,teus
54,tempo-perdido,olhos
55,tempo-perdido,Castanhos
56,tempo-perdido,Me
57,tempo-perdido,diz
58,tempo-perdido,mais
59,tempo-perdido,uma
60,tempo-perdido,vez
61,tempo-perdido,que
62,tempo-perdido,já
63,tempo-perdido,estamos
64,tempo-perdido,Distantes
65,tempo-perdido,de
66,tempo-perdido,tudo
67,tempo-perdido,Temos
68,tempo-perdido,nosso
69,tempo-perdido,próprio
70,tempo-perdido,tempo
71,tempo-perdido,Temos
72,tempo-perdido,nosso
73,tempo-perdido,próprio
74,tempo-perdido,tempo
75,tempo-perdido,Mas
76,tempo-perdido,deixe
77,tempo-perdido,as
78,tempo-perdido,luzes
79,tempo-perdido,Acesas
80,tempo-perdido,agora
81,tempo-perdido,É
82,tempo-perdido,o
83,tempo-perdido,que
84,tempo-perdido,se
85,tempo-perdido,escondeu
86,tempo-perdido,E
87,tempo-perdido,o
88,tempo-perdido,que
89,tempo-perdido,foi
90,tempo-perdido,prometido
91,tempo-perdido,Ninguém
92,tempo-perdido,prometeu
93,tempo-perdido,Nem
94,tempo-perdido,foi
95,tempo-perdido,tempo
96,tempo-perdido,perdido
97,tempo-perdido,Tão
98,tempo-perdido,jovens
99,tempo-perdido,Tão
100,tempo-perdido,jovens
101,tempo-perdido,None
934,pais-filhos,Ninguém
935,pais-filhos,sabe
936,pais-filhos,o
937,pais-filhos,que
938,pais-filhos,aconteceu
939,pais-filhos,Ela
940,pais-filhos,se
941,pais-filhos,jogou
942,pais-filhos,da
943,pais-filhos,janela
944,pais-filhos,do
945,pais-filhos,quinto
946,pais-filhos,andar
947,pais-filhos,Nada
948,pais-filhos,é
949,pais-filhos,fácil
950,pais-filhos,de
951,pais-filhos,entender
952,pais-filhos,É
953,pais-filhos,só
954,pais-filhos,o
955,pais-filhos,vento
956,pais-filhos,lá
957,pais-filhos,fora
958,pais-filhos,Posso
959,pais-filhos,dormir
960,pais-filhos,aqui
961,pais-filhos,com
962,pais-filhos,vocês?
963,pais-filhos,Estou
964,pais-filhos,com
965,pais-filhos,"medo,"
966,pais-filhos,tive
967,pais-filhos,um
968,pais-filhos,pesadelo
969,pais-filhos,Só
970,pais-filhos,vou
971,pais-filhos,voltar
972,pais-filhos,depois
973,pais-filhos,das
974,pais-filhos,três
975,pais-filhos,Quero
976,pais-filhos,o
977,pais-filhos,nome
978,pais-filhos,mais
979,pais-filhos,bonito
980,pais-filhos,Como
981,pais-filhos,se
982,pais-filhos,não
983,pais-filhos,houvesse
984,pais-filhos,amanhã
985,pais-filhos,Porque
986,pais-filhos,se
987,pais-filhos,você
988,pais-filhos,parar
989,pais-filhos,pra
990,pais-filhos,pensar
991,pais-filhos,Na
992,pais-filhos,verdade
993,pais-filhos,não
994,pais-filhos,há
995,pais-filhos,Explica
996,pais-filhos,a
997,pais-filhos,grande
998,pais-filhos,fúria
999,pais-filhos,do
1000,pais-filhos,mundo
1001,pais-filhos,São
1002,pais-filhos,meus
1003,pais-filhos,filhos
1004,pais-filhos,Que
1005,pais-filhos,tomam
1006,pais-filhos,conta
1007,pais-filhos,de
1008,pais-filhos,mim
1009,pais-filhos,Mas
1010,pais-filhos,meu
1011,pais-filhos,pai
1012,pais-filhos,vem
1013,pais-filhos,me
1014,pais-filhos,visitar
1015,pais-filhos,Eu
1016,pais-filhos,moro
1017,pais-filhos,na
1018,pais-filhos,"rua,"
1019,pais-filhos,não
1020,pais-filhos,tenho
1021,pais-filhos,ninguém
1022,pais-filhos,Eu
1023,pais-filhos,moro
1024,pais-filhos,em
1025,pais-filhos,qualquer
1026,pais-filhos,lugar
1027,pais-filhos,Que
1028,pais-filhos,nem
1029,pais-filhos,me
1030,pais-filhos,lembro
1031,pais-filhos,mais
1032,pais-filhos,Eu
1033,pais-filhos,moro
1034,pais-filhos,com
1035,pais-filhos,meus
1036,pais-filhos,pais
1037,pais-filhos,Como
1038,pais-filhos,se
1039,pais-filhos,não
1040,pais-filhos,houvesse
1041,pais-filhos,amanhã
1042,pais-filhos,Porque
1043,pais-filhos,se
1044,pais-filhos,você
1045,pais-filhos,parar
1046,pais-filhos,pra
1047,pais-filhos,pensar
1048,pais-filhos,Na
1049,pais-filhos,verdade
1050,pais-filhos,não
1051,pais-filhos,há
1052,pais-filhos,Sou
1053,pais-filhos,um
1054,pais-filhos,grão
1055,pais-filhos,de
1056,pais-filhos,areia
1057,pais-filhos,Você
1058,pais-filhos,me
1059,pais-filhos,diz
1060,pais-filhos,que
1061,pais-filhos,seus
1062,pais-filhos,pais
1063,pais-filhos,não
1064,pais-filhos,o
1065,pais-filhos,entendem
1066,pais-filhos,Mas
1067,pais-filhos,você
1068,pais-filhos,não
1069,pais-filhos,entende
1070,pais-filhos,seus
1071,pais-filhos,pais
1072,pais-filhos,São
1073,pais-filhos,crianças
1074,pais-filhos,como
1075,pais-filhos,você
1076,pais-filhos,O
1077,pais-filhos,que
1078,pais-filhos,você
1079,pais-filhos,vai
1080,pais-filhos,ser
1081,pais-filhos,Quando
1082,pais-filhos,você
1083,pais-filhos,crescer?
1084,pais-filhos,None
1868,hoje-noite-nao-tem-luar,"""Oi,"
1869,hoje-noite-nao-tem-luar,"amor."""
1870,hoje-noite-nao-tem-luar,-
1871,hoje-noite-nao-tem-luar,eu
1872,hoje-noite-nao-tem-luar,lhe
1873,hoje-noite-nao-tem-luar,falei
1874,hoje-noite-nao-tem-luar,"""Você"
1875,hoje-noite-nao-tem-luar,está
1876,hoje-noite-nao-tem-luar,tão
1877,hoje-noite-nao-tem-luar,"sozinha"""
1878,hoje-noite-nao-tem-luar,Ela
1879,hoje-noite-nao-tem-luar,então
1880,hoje-noite-nao-tem-luar,sorriu
1881,hoje-noite-nao-tem-luar,pra
1882,hoje-noite-nao-tem-luar,mim
1883,hoje-noite-nao-tem-luar,Naquele
1884,hoje-noite-nao-tem-luar,dia
1885,hoje-noite-nao-tem-luar,junto
1886,hoje-noite-nao-tem-luar,ao
1887,hoje-noite-nao-tem-luar,mar
1888,hoje-noite-nao-tem-luar,As
1889,hoje-noite-nao-tem-luar,ondas
1890,hoje-noite-nao-tem-luar,vinham
1891,hoje-noite-nao-tem-luar,beijar
1892,hoje-noite-nao-tem-luar,a
1893,hoje-noite-nao-tem-luar,praia
1894,hoje-noite-nao-tem-luar,O
1895,hoje-noite-nao-tem-luar,sol
1896,hoje-noite-nao-tem-luar,brilhava
1897,hoje-noite-nao-tem-luar,de
1898,hoje-noite-nao-tem-luar,tanta
1899,hoje-noite-nao-tem-luar,emoção
1900,hoje-noite-nao-tem-luar,Um
1901,hoje-noite-nao-tem-luar,rosto
1902,hoje-noite-nao-tem-luar,lindo
1903,hoje-noite-nao-tem-luar,como
1904,hoje-noite-nao-tem-luar,o
1905,hoje-noite-nao-tem-luar,verão
1906,hoje-noite-nao-tem-luar,E
1907,hoje-noite-nao-tem-luar,um
1908,hoje-noite-nao-tem-luar,beijo
1909,hoje-noite-nao-tem-luar,aconteceu
1910,hoje-noite-nao-tem-luar,Passeamos
1911,hoje-noite-nao-tem-luar,por
1912,hoje-noite-nao-tem-luar,aí
1913,hoje-noite-nao-tem-luar,E
1914,hoje-noite-nao-tem-luar,num
1915,hoje-noite-nao-tem-luar,lugar
1916,hoje-noite-nao-tem-luar,escondido
1917,hoje-noite-nao-tem-luar,Outro
1918,hoje-noite-nao-tem-luar,beijo
1919,hoje-noite-nao-tem-luar,lhe
1920,hoje-noite-nao-tem-luar,pedi
1921,hoje-noite-nao-tem-luar,O
1922,hoje-noite-nao-tem-luar,brilho
1923,hoje-noite-nao-tem-luar,das
1924,hoje-noite-nao-tem-luar,estrelas
1925,hoje-noite-nao-tem-luar,no
1926,hoje-noite-nao-tem-luar,chão
1927,hoje-noite-nao-tem-luar,Tenho
1928,hoje-noite-nao-tem-luar,certeza
1929,hoje-noite-nao-tem-luar,que
1930,hoje-noite-nao-tem-luar,não
1931,hoje-noite-nao-tem-luar,sonhava
1932,hoje-noite-nao-tem-luar,A
1933,hoje-noite-nao-tem-luar,noite
1934,hoje-noite-nao-tem-luar,linda
1935,hoje-noite-nao-tem-luar,continuava
1936,hoje-noite-nao-tem-luar,E
1937,hoje-noite-nao-tem-luar,a
1938,hoje-noite-nao-tem-luar,voz
1939,hoje-noite-nao-tem-luar,tão
1940,hoje-noite-nao-tem-luar,doce
1941,hoje-noite-nao-tem-luar,que
1942,hoje-noite-nao-tem-luar,me
1943,hoje-noite-nao-tem-luar,falava
1944,hoje-noite-nao-tem-luar,"""O"
1945,hoje-noite-nao-tem-luar,mundo
1946,hoje-noite-nao-tem-luar,pertence
1947,hoje-noite-nao-tem-luar,a
1948,hoje-noite-nao-tem-luar,"nós!"""
1949,hoje-noite-nao-tem-luar,E
1950,hoje-noite-nao-tem-luar,eu
1951,hoje-noite-nao-tem-luar,estou
1952,hoje-noite-nao-tem-luar,sem
1953,hoje-noite-nao-tem-luar,ela
1954,hoje-noite-nao-tem-luar,Já
1955,hoje-noite-nao-tem-luar,não
1956,hoje-noite-nao-tem-luar,sei
1957,hoje-noite-nao-tem-luar,onde
1958,hoje-noite-nao-tem-luar,procurar
1959,hoje-noite-nao-tem-luar,Não
1960,hoje-noite-nao-tem-luar,sei
1961,hoje-noite-nao-tem-luar,onde
1962,hoje-noite-nao-tem-luar,ela
1963,hoje-noite-nao-tem-luar,está
1964,hoje-noite-nao-tem-luar,E
1965,hoje-noite-nao-tem-luar,eu
1966,hoje-noite-nao-tem-luar,estou
1967,hoje-noite-nao-tem-luar,sem
1968,hoje-noite-nao-tem-luar,ela
1969,hoje-noite-nao-tem-luar,Já
1970,hoje-noite-nao-tem-luar,não
1971,hoje-noite-nao-tem-luar,sei
1972,hoje-noite-nao-tem-luar,onde
1973,hoje-noite-nao-tem-luar,procurar
1974,hoje-noite-nao-tem-luar,Onde
1975,hoje-noite-nao-tem-luar,está
1976,hoje-noite-nao-tem-luar,meu
1977,hoje-noite-nao-tem-luar,amor?
1978,hoje-noite-nao-tem-luar,None
2802,sera,Eu
2803,sera,não
2804,sera,pertenço
2805,sera,a
2806,sera,você
2807,sera,Não
2808,sera,é
2809,sera,me
2810,sera,dominando
2811,sera,assim
2812,sera,Que
2813,sera,você
2814,sera,vai
2815,sera,me
2816,sera,entender
2817,sera,Eu
2818,sera,posso
2819,sera,estar
2820,sera,sozinho
2821,sera,Mas
2822,sera,eu
2823,sera,sei
2824,sera,muito
2825,sera,bem
2826,sera,aonde
2827,sera,estou
2828,sera,Você
2829,sera,pode
2830,sera,até
2831,sera,duvidar
2832,sera,Acho
2833,sera,que
2834,sera,isso
2835,sera,não
2836,sera,é
2837,sera,amor
2838,sera,Será
2839,sera,que
2840,sera,nada
2841,sera,vai
2842,sera,acontecer?
2843,sera,Será
2844,sera,que
2845,sera,é
2846,sera,tudo
2847,sera,isso
2848,sera,em
2849,sera,vão?
2850,sera,Será
2851,sera,que
2852,sera,vamos
2853,sera,conseguir
2854,sera,vencer?
2855,sera,"Oh,"
2856,sera,"oh,"
2857,sera,"oh,"
2858,sera,"oh,"
2859,sera,"oh,"
2860,sera,oh
2861,sera,Da
2862,sera,nossa
2863,sera,própria
2864,sera,criação
2865,sera,Serão
2866,sera,noites
2867,sera,inteiras
2868,sera,Talvez
2869,sera,por
2870,sera,medo
2871,sera,da
2872,sera,escuridão
2873,sera,Ficaremos
2874,sera,acordados
2875,sera,Imaginando
2876,sera,alguma
2877,sera,solução
2878,sera,Pra
2879,sera,que
2880,sera,esse
2881,sera,nosso
2882,sera,egoísmo
2883,sera,Não
2884,sera,destrua
2885,sera,o
2886,sera,nosso
2887,sera,coração
2888,sera,Será
2889,sera,que
2890,sera,nada
2891,sera,vai
2892,sera,acontecer?
2893,sera,Será
2894,sera,que
2895,sera,é
2896,sera,tudo
2897,sera,isso
2898,sera,em
2899,sera,vão?
2900,sera,Será
2901,sera,que
2902,sera,vamos
2903,sera,conseguir
2904,sera,vencer?
2905,sera,"Oh,"
2906,sera,"oh,"
2907,sera,"oh,"
2908,sera,"oh,"
2909,sera,"oh,"
2910,sera,oh
2911,sera,Quem
2912,sera,é
2913,sera,que
2914,sera,vai
2915,sera,nos
2916,sera,proteger?
2917,sera,Será
2918,sera,que
2919,sera,vamos
2920,sera,ter
2921,sera,de
2922,sera,responder
2923,sera,Pelos
2924,sera,erros
2925,sera,a
2926,sera,"mais,"
2927,sera,eu
2928,sera,e
2929,sera,você?
2930,sera,None
3736,quase-sem-quere,Impaciente
3737,quase-sem-quere,e
3738,quase-sem-quere,indeciso
3739,quase-sem-quere,E
3740,quase-sem-quere,ainda
3741,quase-sem-quere,estou
3742,quase-sem-quere,"confuso,"
3743,quase-sem-quere,só
3744,quase-sem-quere,que
3745,quase-sem-quere,agora
3746,quase-sem-quere,é
3747,quase-sem-quere,diferente
3748,quase-sem-quere,Estou
3749,quase-sem-quere,tão
3750,quase-sem-quere,tranquilo
3751,quase-sem-quere,e
3752,quase-sem-quere,tão
3753,quase-sem-quere,contente
3754,quase-sem-quere,Quando
3755,quase-sem-quere,o
3756,quase-sem-quere,que
3757,quase-sem-quere,eu
3758,quase-sem-quere,mais
3759,quase-sem-quere,queria
3760,quase-sem-quere,Era
3761,quase-sem-quere,provar
3762,quase-sem-quere,pra
3763,quase-sem-quere,todo
3764,quase-sem-quere,o
3765,quase-sem-quere,mundo
3766,quase-sem-quere,Que
3767,quase-sem-quere,eu
3768,quase-sem-quere,não
3769,quase-sem-quere,precisava
3770,quase-sem-quere,provar
3771,quase-sem-quere,nada
3772,quase-sem-quere,pra
3773,quase-sem-quere,ninguém
3774,quase-sem-quere,E
3775,quase-sem-quere,queria
3776,quase-sem-quere,sempre
3777,quase-sem-quere,achar
3778,quase-sem-quere,explicação
3779,quase-sem-quere,pro
3780,quase-sem-quere,que
3781,quase-sem-quere,eu
3782,quase-sem-quere,sentia
3783,quase-sem-quere,Como
3784,quase-sem-quere,um
3785,quase-sem-quere,anjo
3786,quase-sem-quere,"caído,"
3787,quase-sem-quere,fiz
3788,quase-sem-quere,questão
3789,quase-sem-quere,de
3790,quase-sem-quere,esquecer
3791,quase-sem-quere,Que
3792,quase-sem-quere,mentir
3793,quase-sem-quere,pra
3794,quase-sem-quere,si
3795,quase-sem-quere,mesmo
3796,quase-sem-quere,é
3797,quase-sem-quere,sempre
3798,quase-sem-quere,a
3799,quase-sem-quere,pior
3800,quase-sem-quere,mentira
3801,quase-sem-quere,Tão
3802,quase-sem-quere,criança
3803,quase-sem-quere,"Oh,"
3804,quase-sem-quere,oh
3805,quase-sem-quere,A
3806,quase-sem-quere,ponto
3807,quase-sem-quere,de
3808,quase-sem-quere,saber
3809,quase-sem-quere,tudo
3810,quase-sem-quere,Às
3811,quase-sem-quere,vezes
3812,quase-sem-quere,o
3813,quase-sem-quere,que
3814,quase-sem-quere,eu
3815,quase-sem-quere,vejo
3816,quase-sem-quere,quase
3817,quase-sem-quere,ninguém
3818,quase-sem-quere,vê
3819,quase-sem-quere,E
3820,quase-sem-quere,eu
3821,quase-sem-quere,sei
3822,quase-sem-quere,que
3823,quase-sem-quere,você
3824,quase-sem-quere,sabe
3825,quase-sem-quere,quase
3826,quase-sem-quere,sem
3827,quase-sem-quere,querer
3828,quase-sem-quere,Que
3829,quase-sem-quere,eu
3830,quase-sem-quere,vejo
3831,quase-sem-quere,o
3832,quase-sem-quere,mesmo
3833,quase-sem-quere,que
3834,quase-sem-quere,você
3835,quase-sem-quere,O
3836,quase-sem-quere,infinito
3837,quase-sem-quere,é
3838,quase-sem-quere,realmente
3839,quase-sem-quere,um
3840,quase-sem-quere,dos
3841,quase-sem-quere,deuses
3842,quase-sem-quere,mais
3843,quase-sem-quere,lindos
3844,quase-sem-quere,Sei
3845,quase-sem-quere,que
3846,quase-sem-quere,às
3847,quase-sem-quere,vezes
3848,quase-sem-quere,uso
3849,quase-sem-quere,palavras
3850,quase-sem-quere,repetidas
3851,quase-sem-quere,Mas
3852,quase-sem-quere,quais
3853,quase-sem-quere,são
3854,quase-sem-quere,as
3855,quase-sem-quere,palavras
3856,quase-sem-quere,que
3857,quase-sem-quere,nunca
3858,quase-sem-quere,são
3859,quase-sem-quere,ditas?
3860,quase-sem-quere,Estava
3861,quase-sem-quere,chorando
3862,quase-sem-quere,E
3863,quase-sem-quere,foi
3864,quase-sem-quere,então
3865,quase-sem-quere,que
3866,quase-sem-quere,eu
3867,quase-sem-quere,percebi
3868,quase-sem-quere,Como
3869,quase-sem-quere,lhe
3870,quase-sem-quere,quero
3871,quase-sem-quere,tanto
3872,quase-sem-quere,Às
3873,quase-sem-quere,vezes
3874,quase-sem-quere,o
3875,quase-sem-quere,que
3876,quase-sem-quere,eu
3877,quase-sem-quere,vejo
3878,quase-sem-quere,quase
3879,quase-sem-quere,ninguém
3880,quase-sem-quere,vê
3881,quase-sem-quere,E
3882,quase-sem-quere,eu
3883,quase-sem-quere,sei
3884,quase-sem-quere,que
3885,quase-sem-quere,você
3886,quase-sem-quere,sabe
3887,quase-sem-quere,quase
3888,quase-sem-quere,sem
3889,quase-sem-quere,querer
3890,quase-sem-quere,Que
3891,quase-sem-quere,eu
3892,quase-sem-quere,quero
3893,quase-sem-quere,o
3894,quase-sem-quere,mesmo
3895,quase-sem-quere,que
3896,quase-sem-quere,você
3897,quase-sem-quere,None
4670,ainda-cedo,Quase
4671,ainda-cedo,tudo
4672,ainda-cedo,que
4673,ainda-cedo,eu
4674,ainda-cedo,sei
4675,ainda-cedo,Era
4676,ainda-cedo,quase
4677,ainda-cedo,escravidão
4678,ainda-cedo,Mas
4679,ainda-cedo,ela
4680,ainda-cedo,me
4681,ainda-cedo,tratava
4682,ainda-cedo,como
4683,ainda-cedo,um
4684,ainda-cedo,rei
4685,ainda-cedo,Eu
4686,ainda-cedo,só
4687,ainda-cedo,queria
4688,ainda-cedo,estar
4689,ainda-cedo,ali
4690,ainda-cedo,Sempre
4691,ainda-cedo,ao
4692,ainda-cedo,lado
4693,ainda-cedo,dela
4694,ainda-cedo,Eu
4695,ainda-cedo,não
4696,ainda-cedo,tinha
4697,ainda-cedo,aonde
4698,ainda-cedo,ir
4699,ainda-cedo,Me
4700,ainda-cedo,esqueci
4701,ainda-cedo,de
4702,ainda-cedo,ajudar
4703,ainda-cedo,A
4704,ainda-cedo,ela
4705,ainda-cedo,como
4706,ainda-cedo,ela
4707,ainda-cedo,me
4708,ainda-cedo,ajudou
4709,ainda-cedo,E
4710,ainda-cedo,não
4711,ainda-cedo,quis
4712,ainda-cedo,me
4713,ainda-cedo,separar
4714,ainda-cedo,E
4715,ainda-cedo,por
4716,ainda-cedo,isso
4717,ainda-cedo,se
4718,ainda-cedo,agarrava
4719,ainda-cedo,a
4720,ainda-cedo,mim
4721,ainda-cedo,também
4722,ainda-cedo,E
4723,ainda-cedo,eu
4724,ainda-cedo,me
4725,ainda-cedo,agarrava
4726,ainda-cedo,a
4727,ainda-cedo,ela
4728,ainda-cedo,Porque
4729,ainda-cedo,eu
4730,ainda-cedo,não
4731,ainda-cedo,tinha
4732,ainda-cedo,mais
4733,ainda-cedo,ninguém
4734,ainda-cedo,"Cedo,"
4735,ainda-cedo,"cedo,"
4736,ainda-cedo,"cedo,"
4737,ainda-cedo,cedo
4738,ainda-cedo,E
4739,ainda-cedo,eu
4740,ainda-cedo,dizia
4741,ainda-cedo,ainda
4742,ainda-cedo,é
4743,ainda-cedo,cedo
4744,ainda-cedo,"Cedo,"
4745,ainda-cedo,"cedo,"
4746,ainda-cedo,"cedo,"
4747,ainda-cedo,cedo
4748,ainda-cedo,"Ah,"
4749,ainda-cedo,eu
4750,ainda-cedo,dizia
4751,ainda-cedo,ainda
4752,ainda-cedo,é
4753,ainda-cedo,cedo
4754,ainda-cedo,"Cedo,"
4755,ainda-cedo,"cedo,"
4756,ainda-cedo,"cedo,"
4757,ainda-cedo,cedo
4758,ainda-cedo,"Ah,"
4759,ainda-cedo,eu
4760,ainda-cedo,dizia
4761,ainda-cedo,ainda
4762,ainda-cedo,é
4763,ainda-cedo,cedo
4764,ainda-cedo,O
4765,ainda-cedo,que
4766,ainda-cedo,eu
4767,ainda-cedo,não
4768,ainda-cedo,comecei
4769,ainda-cedo,E
4770,ainda-cedo,o
4771,ainda-cedo,que
4772,ainda-cedo,ela
4773,ainda-cedo,descobriu
4774,ainda-cedo,Eu
4775,ainda-cedo,aprendi
4776,ainda-cedo,"também,"
4777,ainda-cedo,eu
4778,ainda-cedo,sei
4779,ainda-cedo,Aí
4780,ainda-cedo,eu
4781,ainda-cedo,disse:
4782,ainda-cedo,Quem
4783,ainda-cedo,tem
4784,ainda-cedo,medo
4785,ainda-cedo,é
4786,ainda-cedo,você
4787,ainda-cedo,Falamos
4788,ainda-cedo,o
4789,ainda-cedo,que
4790,ainda-cedo,não
4791,ainda-cedo,devia
4792,ainda-cedo,Nunca
4793,ainda-cedo,ser
4794,ainda-cedo,dito
4795,ainda-cedo,por
4796,ainda-cedo,ninguém
4797,ainda-cedo,Mais
4798,ainda-cedo,o
4799,ainda-cedo,que
4800,ainda-cedo,eu
4801,ainda-cedo,sinto
4802,ainda-cedo,por
4803,ainda-cedo,você
4804,ainda-cedo,Vamos
4805,ainda-cedo,dar
4806,ainda-cedo,um
4807,ainda-cedo,tempo
4808,ainda-cedo,Um
4809,ainda-cedo,dia
4810,ainda-cedo,a
4811,ainda-cedo,gente
4812,ainda-cedo,se
4813,ainda-cedo,vê
4814,ainda-cedo,"Cedo,"
4815,ainda-cedo,"cedo,"
4816,ainda-cedo,"cedo,"
4817,ainda-cedo,cedo
4818,ainda-cedo,E
4819,ainda-cedo,eu
4820,ainda-cedo,dizia
4821,ainda-cedo,ainda
4822,ainda-cedo,é
4823,ainda-cedo,cedo
4824,ainda-cedo,"Cedo,"
4825,ainda-cedo,"cedo,"
4826,ainda-cedo,"cedo,"
4827,ainda-cedo,cedo
4828,ainda-cedo,"Ah,"
4829,ainda-cedo,eu
4830,ainda-cedo,dizia
4831,ainda-cedo,ainda
4832,ainda-cedo,é
4833,ainda-cedo,cedo
4834,ainda-cedo,"Cedo,"
4835,ainda-cedo,"cedo,"
4836,ainda-cedo,"cedo,"
4837,ainda-cedo,cedo
4838,ainda-cedo,"Ah,"
4839,ainda-cedo,eu
4840,ainda-cedo,dizia
4841,ainda-cedo,ainda
4842,ainda-cedo,é
4843,ainda-cedo,cedo.
4844,ainda-cedo,None
5604,eduardo-monica,Que
5605,eduardo-monica,existe
5606,eduardo-monica,razão
5607,eduardo-monica,Nas
5608,eduardo-monica,coisas
5609,eduardo-monica,feitas
5610,eduardo-monica,pelo
5611,eduardo-monica,coração?
5612,eduardo-monica,E
5613,eduardo-monica,quem
5614,eduardo-monica,irá
5615,eduardo-monica,dizer
5616,eduardo-monica,Que
5617,eduardo-monica,não
5618,eduardo-monica,existe
5619,eduardo-monica,razão?
5620,eduardo-monica,Ficou
5621,eduardo-monica,deitado
5622,eduardo-monica,e
5623,eduardo-monica,viu
5624,eduardo-monica,que
5625,eduardo-monica,horas
5626,eduardo-monica,eram
5627,eduardo-monica,Enquanto
5628,eduardo-monica,Mônica
5629,eduardo-monica,tomava
5630,eduardo-monica,um
5631,eduardo-monica,conhaque
5632,eduardo-monica,No
5633,eduardo-monica,outro
5634,eduardo-monica,canto
5635,eduardo-monica,da
5636,eduardo-monica,"cidade,"
5637,eduardo-monica,como
5638,eduardo-monica,eles
5639,eduardo-monica,disseram
5640,eduardo-monica,E
5641,eduardo-monica,conversaram
5642,eduardo-monica,muito
5643,eduardo-monica,mesmo
5644,eduardo-monica,pra
5645,eduardo-monica,tentar
5646,eduardo-monica,se
5647,eduardo-monica,conhecer
5648,eduardo-monica,Um
5649,eduardo-monica,carinha
5650,eduardo-monica,do
5651,eduardo-monica,cursinho
5652,eduardo-monica,do
5653,eduardo-monica,Eduardo
5654,eduardo-monica,que
5655,eduardo-monica,disse
5656,eduardo-monica,Tem
5657,eduardo-monica,uma
5658,eduardo-monica,festa
5659,eduardo-monica,"legal,"
5660,eduardo-monica,e
5661,eduardo-monica,a
5662,eduardo-monica,gente
5663,eduardo-monica,quer
5664,eduardo-monica,se
5665,eduardo-monica,divertir
5666,eduardo-monica,Eu
5667,eduardo-monica,não
5668,eduardo-monica,tô
5669,eduardo-monica,"legal,"
5670,eduardo-monica,não
5671,eduardo-monica,aguento
5672,eduardo-monica,mais
5673,eduardo-monica,birita
5674,eduardo-monica,E
5675,eduardo-monica,a
5676,eduardo-monica,Mônica
5677,eduardo-monica,"riu,"
5678,eduardo-monica,e
5679,eduardo-monica,quis
5680,eduardo-monica,saber
5681,eduardo-monica,um
5682,eduardo-monica,pouco
5683,eduardo-monica,mais
5684,eduardo-monica,Sobre
5685,eduardo-monica,o
5686,eduardo-monica,boyzinho
5687,eduardo-monica,que
5688,eduardo-monica,tentava
5689,eduardo-monica,impressionar
5690,eduardo-monica,E
5691,eduardo-monica,o
5692,eduardo-monica,"Eduardo,"
5693,eduardo-monica,meio
5694,eduardo-monica,"tonto,"
5695,eduardo-monica,só
5696,eduardo-monica,pensava
5697,eduardo-monica,em
5698,eduardo-monica,ir
5699,eduardo-monica,pra
5700,eduardo-monica,casa
5701,eduardo-monica,É
5702,eduardo-monica,quase
5703,eduardo-monica,"duas,"
5704,eduardo-monica,eu
5705,eduardo-monica,vou
5706,eduardo-monica,me
5707,eduardo-monica,ferrar
5708,eduardo-monica,Depois
5709,eduardo-monica,telefonaram
5710,eduardo-monica,e
5711,eduardo-monica,decidiram
5712,eduardo-monica,se
5713,eduardo-monica,encontrar
5714,eduardo-monica,O
5715,eduardo-monica,Eduardo
5716,eduardo-monica,sugeriu
5717,eduardo-monica,uma
5718,eduardo-monica,lanchonete
5719,eduardo-monica,Mas
5720,eduardo-monica,a
5721,eduardo-monica,Mônica
5722,eduardo-monica,queria
5723,eduardo-monica,ver
5724,eduardo-monica,o
5725,eduardo-monica,filme
5726,eduardo-monica,do
5727,eduardo-monica,Godard
5728,eduardo-monica,A
5729,eduardo-monica,Mônica
5730,eduardo-monica,de
5731,eduardo-monica,moto
5732,eduardo-monica,e
5733,eduardo-monica,o
5734,eduardo-monica,Eduardo
5735,eduardo-monica,de
5736,eduardo-monica,camelo
5737,eduardo-monica,O
5738,eduardo-monica,Eduardo
5739,eduardo-monica,achou
5740,eduardo-monica,estranho
5741,eduardo-monica,e
5742,eduardo-monica,melhor
5743,eduardo-monica,não
5744,eduardo-monica,comentar
5745,eduardo-monica,Mas
5746,eduardo-monica,a
5747,eduardo-monica,menina
5748,eduardo-monica,tinha
5749,eduardo-monica,tinta
5750,eduardo-monica,no
5751,eduardo-monica,cabelo
5752,eduardo-monica,Ela
5753,eduardo-monica,era
5754,eduardo-monica,de
5755,eduardo-monica,Leão
5756,eduardo-monica,e
5757,eduardo-monica,ele
5758,eduardo-monica,tinha
5759,eduardo-monica,dezesseis
5760,eduardo-monica,Ela
5761,eduardo-monica,fazia
5762,eduardo-monica,Medicina
5763,eduardo-monica,e
5764,eduardo-monica,falava
5765,eduardo-monica,alemão
5766,eduardo-monica,E
5767,eduardo-monica,ele
5768,eduardo-monica,ainda
5769,eduardo-monica,nas
5770,eduardo-monica,aulinhas
5771,eduardo-monica,de
5772,eduardo-monica,inglês
5773,eduardo-monica,Van
5774,eduardo-monica,Gogh
5775,eduardo-monica,e
5776,eduardo-monica,dos
5777,eduardo-monica,"Mutantes,"
5778,eduardo-monica,de
5779,eduardo-monica,Caetano
5780,eduardo-monica,e
5781,eduardo-monica,de
5782,eduardo-monica,Rimbaud
5783,eduardo-monica,E
5784,eduardo-monica,o
5785,eduardo-monica,Eduardo
5786,eduardo-monica,gostava
5787,eduardo-monica,de
5788,eduardo-monica,novela
5789,eduardo-monica,E
5790,eduardo-monica,jogava
5791,eduardo-monica,futebol
5792,eduardo-monica,de
5793,eduardo-monica,botão
5794,eduardo-monica,com
5795,eduardo-monica,seu
5796,eduardo-monica,avô
5797,eduardo-monica,Também
5798,eduardo-monica,magia
5799,eduardo-monica,e
5800,eduardo-monica,meditação
5801,eduardo-monica,E
5802,eduardo-monica,o
5803,eduardo-monica,Eduardo
5804,eduardo-monica,ainda
5805,eduardo-monica,tava
5806,eduardo-monica,no
5807,eduardo-monica,esquema
5808,eduardo-monica,"Escola,"
5809,eduardo-monica,"cinema,"
5810,eduardo-monica,"clube,"
5811,eduardo-monica,televisão
5812,eduardo-monica,Uma
5813,eduardo-monica,vontade
5814,eduardo-monica,de
5815,eduardo-monica,se
5816,eduardo-monica,ver
5817,eduardo-monica,E
5818,eduardo-monica,os
5819,eduardo-monica,dois
5820,eduardo-monica,se
5821,eduardo-monica,encontravam
5822,eduardo-monica,todo
5823,eduardo-monica,dia
5824,eduardo-monica,E
5825,eduardo-monica,a
5826,eduardo-monica,vontade
5827,eduardo-monica,"crescia,"
5828,eduardo-monica,como
5829,eduardo-monica,tinha
5830,eduardo-monica,de
5831,eduardo-monica,ser
5832,eduardo-monica,"Teatro,"
5833,eduardo-monica,"artesanato,"
5834,eduardo-monica,e
5835,eduardo-monica,foram
5836,eduardo-monica,viajar
5837,eduardo-monica,A
5838,eduardo-monica,Mônica
5839,eduardo-monica,explicava
5840,eduardo-monica,pro
5841,eduardo-monica,Eduardo
5842,eduardo-monica,Coisas
5843,eduardo-monica,sobre
5844,eduardo-monica,o
5845,eduardo-monica,"céu,"
5846,eduardo-monica,a
5847,eduardo-monica,"terra,"
5848,eduardo-monica,a
5849,eduardo-monica,água
5850,eduardo-monica,e
5851,eduardo-monica,o
5852,eduardo-monica,ar
5853,eduardo-monica,E
5854,eduardo-monica,decidiu
5855,eduardo-monica,trabalhar
5856,eduardo-monica,(não!)
5857,eduardo-monica,E
5858,eduardo-monica,ela
5859,eduardo-monica,se
5860,eduardo-monica,formou
5861,eduardo-monica,no
5862,eduardo-monica,mesmo
5863,eduardo-monica,mês
5864,eduardo-monica,Que
5865,eduardo-monica,ele
5866,eduardo-monica,passou
5867,eduardo-monica,no
5868,eduardo-monica,vestibular
5869,eduardo-monica,E
5870,eduardo-monica,também
5871,eduardo-monica,brigaram
5872,eduardo-monica,juntos
5873,eduardo-monica,muitas
5874,eduardo-monica,vezes
5875,eduardo-monica,depois
5876,eduardo-monica,E
5877,eduardo-monica,todo
5878,eduardo-monica,mundo
5879,eduardo-monica,diz
5880,eduardo-monica,que
5881,eduardo-monica,ele
5882,eduardo-monica,completa
5883,eduardo-monica,ela
5884,eduardo-monica,E
5885,eduardo-monica,"vice-versa,"
5886,eduardo-monica,que
5887,eduardo-monica,nem
5888,eduardo-monica,feijão
5889,eduardo-monica,com
5890,eduardo-monica,arroz
5891,eduardo-monica,Mais
5892,eduardo-monica,ou
5893,eduardo-monica,menos
5894,eduardo-monica,quando
5895,eduardo-monica,os
5896,eduardo-monica,gêmeos
5897,eduardo-monica,vieram
5898,eduardo-monica,Batalharam
5899,eduardo-monica,"grana,"
5900,eduardo-monica,seguraram
5901,eduardo-monica,legal
5902,eduardo-monica,A
5903,eduardo-monica,barra
5904,eduardo-monica,mais
5905,eduardo-monica,pesada
5906,eduardo-monica,que
5907,eduardo-monica,tiveram
5908,eduardo-monica,E
5909,eduardo-monica,a
5910,eduardo-monica,nossa
5911,eduardo-monica,amizade
5912,eduardo-monica,dá
5913,eduardo-monica,saudade
5914,eduardo-monica,no
5915,eduardo-monica,verão
5916,eduardo-monica,Só
5917,eduardo-monica,que
5918,eduardo-monica,nessas
5919,eduardo-monica,"férias,"
5920,eduardo-monica,não
5921,eduardo-monica,vão
5922,eduardo-monica,viajar
5923,eduardo-monica,Porque
5924,eduardo-monica,o
5925,eduardo-monica,filhinho
5926,eduardo-monica,do
5927,eduardo-monica,Eduardo
5928,eduardo-monica,tá
5929,eduardo-monica,de
5930,eduardo-monica,recuperação
5931,eduardo-monica,Que
5932,eduardo-monica,existe
5933,eduardo-monica,razão
5934,eduardo-monica,Nas
5935,eduardo-monica,coisas
5936,eduardo-monica,feitas
5937,eduardo-monica,pelo
5938,eduardo-monica,coração?
5939,eduardo-monica,E
5940,eduardo-monica,quem
5941,eduardo-monica,irá
5942,eduardo-monica,dizer
5943,eduardo-monica,Que
5944,eduardo-monica,não
5945,eduardo-monica,existe
5946,eduardo-monica,razão?
5947,eduardo-monica,None
6538,indios,Ter
6539,indios,de
6540,indios,volta
6541,indios,todo
6542,indios,o
6543,indios,ouro
6544,indios,que
6545,indios,entreguei
6546,indios,a
6547,indios,quem
6548,indios,Conseguiu
6549,indios,me
6550,indios,convencer
6551,indios,que
6552,indios,era
6553,indios,prova
6554,indios,de
6555,indios,amizade
6556,indios,Se
6557,indios,alguém
6558,indios,levasse
6559,indios,embora
6560,indios,até
6561,indios,o
6562,indios,que
6563,indios,eu
6564,indios,não
6565,indios,tinha
6566,indios,Esquecer
6567,indios,que
6568,indios,acreditei
6569,indios,que
6570,indios,era
6571,indios,por
6572,indios,brincadeira
6573,indios,Que
6574,indios,se
6575,indios,cortava
6576,indios,sempre
6577,indios,um
6578,indios,pano
6579,indios,de
6580,indios,chão
6581,indios,De
6582,indios,linho
6583,indios,nobre
6584,indios,e
6585,indios,pura
6586,indios,seda
6587,indios,Explicar
6588,indios,o
6589,indios,que
6590,indios,ninguém
6591,indios,consegue
6592,indios,entender
6593,indios,Que
6594,indios,o
6595,indios,que
6596,indios,aconteceu
6597,indios,ainda
6598,indios,está
6599,indios,por
6600,indios,vir
6601,indios,E
6602,indios,o
6603,indios,futuro
6604,indios,não
6605,indios,é
6606,indios,mais
6607,indios,como
6608,indios,era
6609,indios,antigamente
6610,indios,Provar
6611,indios,que
6612,indios,quem
6613,indios,tem
6614,indios,mais
6615,indios,do
6616,indios,que
6617,indios,precisa
6618,indios,ter
6619,indios,Quase
6620,indios,sempre
6621,indios,se
6622,indios,convence
6623,indios,que
6624,indios,não
6625,indios,tem
6626,indios,o
6627,indios,bastante
6628,indios,Fala
6629,indios,demais
6630,indios,por
6631,indios,não
6632,indios,ter
6633,indios,nada
6634,indios,a
6635,indios,dizer
6636,indios,Que
6637,indios,o
6638,indios,mais
6639,indios,simples
6640,indios,fosse
6641,indios,visto
6642,indios,como
6643,indios,o
6644,indios,mais
6645,indios,importante
6646,indios,Mas
6647,indios,nos
6648,indios,deram
6649,indios,espelhos
6650,indios,E
6651,indios,vimos
6652,indios,um
6653,indios,mundo
6654,indios,doente
6655,indios,Entender
6656,indios,como
6657,indios,um
6658,indios,só
6659,indios,Deus
6660,indios,ao
6661,indios,mesmo
6662,indios,tempo
6663,indios,é
6664,indios,três
6665,indios,E
6666,indios,esse
6667,indios,mesmo
6668,indios,Deus
6669,indios,foi
6670,indios,morto
6671,indios,por
6672,indios,vocês
6673,indios,É
6674,indios,só
6675,indios,maldade
6676,indios,"então,"
6677,indios,deixar
6678,indios,um
6679,indios,Deus
6680,indios,tão
6681,indios,triste
6682,indios,Assim
6683,indios,pude
6684,indios,trazer
6685,indios,você
6686,indios,de
6687,indios,volta
6688,indios,pra
6689,indios,mim
6690,indios,Quando
6691,indios,descobri
6692,indios,que
6693,indios,é
6694,indios,sempre
6695,indios,só
6696,indios,você
6697,indios,Que
6698,indios,me
6699,indios,entende
6700,indios,do
6701,indios,início
6702,indios,ao
6703,indios,fim
6704,indios,Cura
6705,indios,pro
6706,indios,meu
6707,indios,vício
6708,indios,de
6709,indios,insistir
6710,indios,Nessa
6711,indios,saudade
6712,indios,que
6713,indios,eu
6714,indios,sinto
6715,indios,De
6716,indios,tudo
6717,indios,que
6718,indios,eu
6719,indios,ainda
6720,indios,não
6721,indios,vi
6722,indios,Acreditar
6723,indios,por
6724,indios,um
6725,indios,instante
6726,indios,em
6727,indios,tudo
6728,indios,que
6729,indios,existe
6730,indios,Acreditar
6731,indios,que
6732,indios,o
6733,indios,mundo
6734,indios,é
6735,indios,perfeito
6736,indios,E
6737,indios,que
6738,indios,todas
6739,indios,as
6740,indios,pessoas
6741,indios,são
6742,indios,felizes
6743,indios,Fazer
6744,indios,com
6745,indios,que
6746,indios,o
6747,indios,mundo
6748,indios,saiba
6749,indios,que
6750,indios,seu
6751,indios,nome
6752,indios,Está
6753,indios,em
6754,indios,tudo
6755,indios,e
6756,indios,mesmo
6757,indios,assim
6758,indios,Ninguém
6759,indios,lhe
6760,indios,diz
6761,indios,ao
6762,indios,menos
6763,indios,obrigado
6764,indios,Como
6765,indios,a
6766,indios,mais
6767,indios,bela
6768,indios,tribo
6769,indios,Dos
6770,indios,mais
6771,indios,belos
6772,indios,índios
6773,indios,Não
6774,indios,ser
6775,indios,atacado
6776,indios,por
6777,indios,ser
6778,indios,inocente
6779,indios,Assim
6780,indios,pude
6781,indios,trazer
6782,indios,você
6783,indios,de
6784,indios,volta
6785,indios,pra
6786,indios,mim
6787,indios,Quando
6788,indios,descobri
6789,indios,que
6790,indios,é
6791,indios,sempre
6792,indios,só
6793,indios,você
6794,indios,Que
6795,indios,me
6796,indios,entende
6797,indios,do
6798,indios,início
6799,indios,ao
6800,indios,fim
6801,indios,Cura
6802,indios,pro
6803,indios,meu
6804,indios,vício
6805,indios,de
6806,indios,insistir
6807,indios,Nessa
6808,indios,saudade
6809,indios,que
6810,indios,eu
6811,indios,sinto
6812,indios,De
6813,indios,tudo
6814,indios,que
6815,indios,eu
6816,indios,ainda
6817,indios,não
6818,indios,vi
6819,indios,Tentei
6820,indios,chorar
6821,indios,e
6822,indios,não
6823,indios,consegui
6824,indios,None
7472,vento-no-litoral,Chegar
7473,vento-no-litoral,até
7474,vento-no-litoral,a
7475,vento-no-litoral,praia
7476,vento-no-litoral,e
7477,vento-no-litoral,ver
7478,vento-no-litoral,Se
7479,vento-no-litoral,o
7480,vento-no-litoral,vento
7481,vento-no-litoral,ainda
7482,vento-no-litoral,está
7483,vento-no-litoral,forte
7484,vento-no-litoral,E
7485,vento-no-litoral,vai
7486,vento-no-litoral,ser
7487,vento-no-litoral,bom
7488,vento-no-litoral,subir
7489,vento-no-litoral,nas
7490,vento-no-litoral,pedras
7491,vento-no-litoral,Sei
7492,vento-no-litoral,que
7493,vento-no-litoral,faço
7494,vento-no-litoral,isso
7495,vento-no-litoral,pra
7496,vento-no-litoral,esquecer
7497,vento-no-litoral,Eu
7498,vento-no-litoral,deixo
7499,vento-no-litoral,a
7500,vento-no-litoral,onda
7501,vento-no-litoral,me
7502,vento-no-litoral,acertar
7503,vento-no-litoral,E
7504,vento-no-litoral,o
7505,vento-no-litoral,vento
7506,vento-no-litoral,vai
7507,vento-no-litoral,levando
7508,vento-no-litoral,tudo
7509,vento-no-litoral,embora
7510,vento-no-litoral,Ver
7511,vento-no-litoral,a
7512,vento-no-litoral,linha
7513,vento-no-litoral,do
7514,vento-no-litoral,horizonte
7515,vento-no-litoral,me
7516,vento-no-litoral,distrai
7517,vento-no-litoral,Dos
7518,vento-no-litoral,nossos
7519,vento-no-litoral,planos
7520,vento-no-litoral,é
7521,vento-no-litoral,que
7522,vento-no-litoral,tenho
7523,vento-no-litoral,mais
7524,vento-no-litoral,saudade
7525,vento-no-litoral,Quando
7526,vento-no-litoral,olhávamos
7527,vento-no-litoral,juntos
7528,vento-no-litoral,na
7529,vento-no-litoral,mesma
7530,vento-no-litoral,direção
7531,vento-no-litoral,Aonde
7532,vento-no-litoral,está
7533,vento-no-litoral,você
7534,vento-no-litoral,agora
7535,vento-no-litoral,além
7536,vento-no-litoral,de
7537,vento-no-litoral,aqui
7538,vento-no-litoral,dentro
7539,vento-no-litoral,de
7540,vento-no-litoral,mim?
7541,vento-no-litoral,Foi
7542,vento-no-litoral,só
7543,vento-no-litoral,o
7544,vento-no-litoral,tempo
7545,vento-no-litoral,que
7546,vento-no-litoral,errou
7547,vento-no-litoral,Vai
7548,vento-no-litoral,ser
7549,vento-no-litoral,difícil
7550,vento-no-litoral,sem
7551,vento-no-litoral,você
7552,vento-no-litoral,Porque
7553,vento-no-litoral,você
7554,vento-no-litoral,está
7555,vento-no-litoral,comigo
7556,vento-no-litoral,o
7557,vento-no-litoral,tempo
7558,vento-no-litoral,todo
7559,vento-no-litoral,E
7560,vento-no-litoral,quando
7561,vento-no-litoral,vejo
7562,vento-no-litoral,o
7563,vento-no-litoral,mar
7564,vento-no-litoral,Existe
7565,vento-no-litoral,algo
7566,vento-no-litoral,que
7567,vento-no-litoral,diz
7568,vento-no-litoral,Que
7569,vento-no-litoral,a
7570,vento-no-litoral,vida
7571,vento-no-litoral,continua
7572,vento-no-litoral,e
7573,vento-no-litoral,se
7574,vento-no-litoral,entregar
7575,vento-no-litoral,é
7576,vento-no-litoral,uma
7577,vento-no-litoral,bobagem
7578,vento-no-litoral,O
7579,vento-no-litoral,que
7580,vento-no-litoral,posso
7581,vento-no-litoral,fazer
7582,vento-no-litoral,É
7583,vento-no-litoral,cuidar
7584,vento-no-litoral,de
7585,vento-no-litoral,mim
7586,vento-no-litoral,Quero
7587,vento-no-litoral,ser
7588,vento-no-litoral,feliz
7589,vento-no-litoral,ao
7590,vento-no-litoral,menos
7591,vento-no-litoral,Lembra
7592,vento-no-litoral,que
7593,vento-no-litoral,o
7594,vento-no-litoral,plano
7595,vento-no-litoral,era
7596,vento-no-litoral,ficarmos
7597,vento-no-litoral,bem
7598,vento-no-litoral,Olha
7599,vento-no-litoral,só
7600,vento-no-litoral,o
7601,vento-no-litoral,que
7602,vento-no-litoral,eu
7603,vento-no-litoral,achei
7604,vento-no-litoral,Humrum
7605,vento-no-litoral,Cavalos-marinhos
7606,vento-no-litoral,Eu
7607,vento-no-litoral,deixo
7608,vento-no-litoral,a
7609,vento-no-litoral,onda
7610,vento-no-litoral,me
7611,vento-no-litoral,acertar
7612,vento-no-litoral,E
7613,vento-no-litoral,o
7614,vento-no-litoral,vento
7615,vento-no-litoral,vai
7616,vento-no-litoral,levando
7617,vento-no-litoral,tudo
7618,vento-no-litoral,embora
7619,vento-no-litoral,None
8406,que-pais-e-esse,Sujeira
8407,que-pais-e-esse,pra
8408,que-pais-e-esse,todo
8409,que-pais-e-esse,lado
8410,que-pais-e-esse,Ninguém
8411,que-pais-e-esse,respeita
8412,que-pais-e-esse,a
8413,que-pais-e-esse,Constituição
8414,que-pais-e-esse,Mas
8415,que-pais-e-esse,todos
8416,que-pais-e-esse,acreditam
8417,que-pais-e-esse,no
8418,que-pais-e-esse,futuro
8419,que-pais-e-esse,da
8420,que-pais-e-esse,nação
8421,que-pais-e-esse,Que
8422,que-pais-e-esse,país
8423,que-pais-e-esse,é
8424,que-pais-e-esse,esse?
8425,que-pais-e-esse,Que
8426,que-pais-e-esse,país
8427,que-pais-e-esse,é
8428,que-pais-e-esse,esse?
8429,que-pais-e-esse,Na
8430,que-pais-e-esse,Baixada
8431,que-pais-e-esse,Fluminense
8432,que-pais-e-esse,Mato
8433,que-pais-e-esse,"Grosso,"
8434,que-pais-e-esse,Minas
8435,que-pais-e-esse,Gerais
8436,que-pais-e-esse,E
8437,que-pais-e-esse,no
8438,que-pais-e-esse,Nordeste
8439,que-pais-e-esse,tudo
8440,que-pais-e-esse,em
8441,que-pais-e-esse,paz
8442,que-pais-e-esse,Mas
8443,que-pais-e-esse,o
8444,que-pais-e-esse,sangue
8445,que-pais-e-esse,anda
8446,que-pais-e-esse,solto
8447,que-pais-e-esse,Manchando
8448,que-pais-e-esse,os
8449,que-pais-e-esse,papéis
8450,que-pais-e-esse,Documentos
8451,que-pais-e-esse,fiéis
8452,que-pais-e-esse,Ao
8453,que-pais-e-esse,descanso
8454,que-pais-e-esse,do
8455,que-pais-e-esse,patrão
8456,que-pais-e-esse,Que
8457,que-pais-e-esse,país
8458,que-pais-e-esse,é
8459,que-pais-e-esse,esse?
8460,que-pais-e-esse,Que
8461,que-pais-e-esse,país
8462,que-pais-e-esse,é
8463,que-pais-e-esse,esse?
8464,que-pais-e-esse,Que
8465,que-pais-e-esse,país
8466,que-pais-e-esse,é
8467,que-pais-e-esse,esse?
8468,que-pais-e-esse,Piada
8469,que-pais-e-esse,no
8470,que-pais-e-esse,exterior
8471,que-pais-e-esse,Vamos
8472,que-pais-e-esse,faturar
8473,que-pais-e-esse,um
8474,que-pais-e-esse,milhão
8475,que-pais-e-esse,Quando
8476,que-pais-e-esse,vendermos
8477,que-pais-e-esse,todas
8478,que-pais-e-esse,as
8479,que-pais-e-esse,almas
8480,que-pais-e-esse,Dos
8481,que-pais-e-esse,nossos
8482,que-pais-e-esse,índios
8483,que-pais-e-esse,num
8484,que-pais-e-esse,leilão
8485,que-pais-e-esse,Que
8486,que-pais-e-esse,país
8487,que-pais-e-esse,é
8488,que-pais-e-esse,esse?
8489,que-pais-e-esse,Que
8490,que-pais-e-esse,país
8491,que-pais-e-esse,é
8492,que-pais-e-esse,esse?
8493,que-pais-e-esse,Que
8494,que-pais-e-esse,país
8495,que-pais-e-esse,é
8496,que-pais-e-esse,esse?
8497,que-pais-e-esse,None
9340,1965-duas-tribos,Quero
9341,1965-duas-tribos,ver
9342,1965-duas-tribos,Volta
9343,1965-duas-tribos,aqui
9344,1965-duas-tribos,Vem
9345,1965-duas-tribos,você
9346,1965-duas-tribos,Como
9347,1965-duas-tribos,foi?
9348,1965-duas-tribos,Nem
9349,1965-duas-tribos,sentiu
9350,1965-duas-tribos,Se
9351,1965-duas-tribos,era
9352,1965-duas-tribos,falso
9353,1965-duas-tribos,Ou
9354,1965-duas-tribos,fevereiro
9355,1965-duas-tribos,Temos
9356,1965-duas-tribos,paz
9357,1965-duas-tribos,Temos
9358,1965-duas-tribos,tempo
9359,1965-duas-tribos,Chegou
9360,1965-duas-tribos,a
9361,1965-duas-tribos,hora
9362,1965-duas-tribos,E
9363,1965-duas-tribos,agora
9364,1965-duas-tribos,é
9365,1965-duas-tribos,aqui
9366,1965-duas-tribos,Cortaram
9367,1965-duas-tribos,minhas
9368,1965-duas-tribos,mãos
9369,1965-duas-tribos,Cortaram
9370,1965-duas-tribos,minhas
9371,1965-duas-tribos,pernas
9372,1965-duas-tribos,Num
9373,1965-duas-tribos,dia
9374,1965-duas-tribos,de
9375,1965-duas-tribos,verão
9376,1965-duas-tribos,Num
9377,1965-duas-tribos,dia
9378,1965-duas-tribos,de
9379,1965-duas-tribos,verão
9380,1965-duas-tribos,Num
9381,1965-duas-tribos,dia
9382,1965-duas-tribos,de
9383,1965-duas-tribos,verão
9384,1965-duas-tribos,Podia
9385,1965-duas-tribos,ser
9386,1965-duas-tribos,meu
9387,1965-duas-tribos,pai
9388,1965-duas-tribos,Podia
9389,1965-duas-tribos,ser
9390,1965-duas-tribos,meu
9391,1965-duas-tribos,irmão
9392,1965-duas-tribos,Não
9393,1965-duas-tribos,se
9394,1965-duas-tribos,esqueça
9395,1965-duas-tribos,Temos
9396,1965-duas-tribos,sorte
9397,1965-duas-tribos,E
9398,1965-duas-tribos,agora
9399,1965-duas-tribos,é
9400,1965-duas-tribos,aqui
9401,1965-duas-tribos,Dignidade
9402,1965-duas-tribos,em
9403,1965-duas-tribos,doença?
9404,1965-duas-tribos,Quando
9405,1965-duas-tribos,querem
9406,1965-duas-tribos,transformar
9407,1965-duas-tribos,Inteligência
9408,1965-duas-tribos,em
9409,1965-duas-tribos,traição?
9410,1965-duas-tribos,Quando
9411,1965-duas-tribos,querem
9412,1965-duas-tribos,transformar
9413,1965-duas-tribos,Estupidez
9414,1965-duas-tribos,em
9415,1965-duas-tribos,recompensa?
9416,1965-duas-tribos,Quando
9417,1965-duas-tribos,querem
9418,1965-duas-tribos,transformar
9419,1965-duas-tribos,Esperança
9420,1965-duas-tribos,em
9421,1965-duas-tribos,maldição?
9422,1965-duas-tribos,E
9423,1965-duas-tribos,você
9424,1965-duas-tribos,de
9425,1965-duas-tribos,que
9426,1965-duas-tribos,lado
9427,1965-duas-tribos,está?
9428,1965-duas-tribos,Estou
9429,1965-duas-tribos,do
9430,1965-duas-tribos,lado
9431,1965-duas-tribos,do
9432,1965-duas-tribos,bem
9433,1965-duas-tribos,E
9434,1965-duas-tribos,você
9435,1965-duas-tribos,de
9436,1965-duas-tribos,que
9437,1965-duas-tribos,lado
9438,1965-duas-tribos,está?
9439,1965-duas-tribos,Estou
9440,1965-duas-tribos,do
9441,1965-duas-tribos,lado
9442,1965-duas-tribos,do
9443,1965-duas-tribos,bem
9444,1965-duas-tribos,Com
9445,1965-duas-tribos,a
9446,1965-duas-tribos,luz
9447,1965-duas-tribos,e
9448,1965-duas-tribos,com
9449,1965-duas-tribos,os
9450,1965-duas-tribos,anjos
9451,1965-duas-tribos,Tinha
9452,1965-duas-tribos,arma
9453,1965-duas-tribos,de
9454,1965-duas-tribos,verdade
9455,1965-duas-tribos,Tinha
9456,1965-duas-tribos,arma
9457,1965-duas-tribos,nenhuma
9458,1965-duas-tribos,Tinha
9459,1965-duas-tribos,arma
9460,1965-duas-tribos,de
9461,1965-duas-tribos,brinquedo
9462,1965-duas-tribos,Eu
9463,1965-duas-tribos,tenho
9464,1965-duas-tribos,autorama
9465,1965-duas-tribos,Eu
9466,1965-duas-tribos,tenho
9467,1965-duas-tribos,Hanna-Barbera
9468,1965-duas-tribos,Eu
9469,1965-duas-tribos,tenho
9470,1965-duas-tribos,"pera,"
9471,1965-duas-tribos,uva
9472,1965-duas-tribos,e
9473,1965-duas-tribos,maçã
9474,1965-duas-tribos,Eu
9475,1965-duas-tribos,tenho
9476,1965-duas-tribos,Guanabara
9477,1965-duas-tribos,E
9478,1965-duas-tribos,modelos
9479,1965-duas-tribos,revell
9480,1965-duas-tribos,O
9481,1965-duas-tribos,Brasil
9482,1965-duas-tribos,é
9483,1965-duas-tribos,o
9484,1965-duas-tribos,país
9485,1965-duas-tribos,do
9486,1965-duas-tribos,futuro
9487,1965-duas-tribos,O
9488,1965-duas-tribos,Brasil
9489,1965-duas-tribos,é
9490,1965-duas-tribos,o
9491,1965-duas-tribos,país
9492,1965-duas-tribos,do
9493,1965-duas-tribos,futuro
9494,1965-duas-tribos,O
9495,1965-duas-tribos,Brasil
9496,1965-duas-tribos,é
9497,1965-duas-tribos,o
9498,1965-duas-tribos,país
9499,1965-duas-tribos,Em
9500,1965-duas-tribos,toda
9501,1965-duas-tribos,e
9502,1965-duas-tribos,qualquer
9503,1965-duas-tribos,situação
9504,1965-duas-tribos,Eu
9505,1965-duas-tribos,quero
9506,1965-duas-tribos,tudo
9507,1965-duas-tribos,pra
9508,1965-duas-tribos,cima
9509,1965-duas-tribos,Pra
9510,1965-duas-tribos,"cima,"
9511,1965-duas-tribos,pra
9512,1965-duas-tribos,cima
9513,1965-duas-tribos,None
10274,1977,Não
10275,1977,tenho
10276,1977,mais
10277,1977,o
10278,1977,tempo
10279,1977,do
10280,1977,dia
10281,1977,que
10282,1977,passou
10283,1977,Mas
10284,1977,tenho
10285,1977,muito
10286,1977,tempo
10287,1977,Para
10288,1977,acabar
10289,1977,com
10290,1977,essa
10291,1977,indecisão
10292,1977,De
10293,1977,ter
10294,1977,a
10295,1977,sinceridade
10296,1977,em
10297,1977,perigo
10298,1977,Só
10299,1977,pra
10300,1977,depois
10301,1977,dizer
10302,1977,que
10303,1977,não
10304,1977,quero
10305,1977,ficar
10306,1977,lá
10307,1977,Não
10308,1977,é
10309,1977,coincidência
10310,1977,Essa
10311,1977,minha
10312,1977,indiferença
10313,1977,É
10314,1977,que
10315,1977,está
10316,1977,me
10317,1977,faltando
10318,1977,motivo
10319,1977,Responsabilidade
10320,1977,me
10321,1977,deixa
10322,1977,sem
10323,1977,saber
10324,1977,Qual
10325,1977,é
10326,1977,a
10327,1977,interferência
10328,1977,Ou
10329,1977,como
10330,1977,deve
10331,1977,ser
10332,1977,Fico
10333,1977,pensando
10334,1977,em
10335,1977,todas
10336,1977,as
10337,1977,coisas
10338,1977,que
10339,1977,eu
10340,1977,não
10341,1977,fiz
10342,1977,Quando
10343,1977,penso
10344,1977,no
10345,1977,futuro
10346,1977,Sempre
10347,1977,com
10348,1977,uma
10349,1977,leve
10350,1977,preocupação
10351,1977,De
10352,1977,não
10353,1977,lembrar
10354,1977,qual
10355,1977,foi
10356,1977,o
10357,1977,aviso
10358,1977,Todas
10359,1977,as
10360,1977,coisas
10361,1977,que
10362,1977,eu
10363,1977,não
10364,1977,quero
10365,1977,mais
10366,1977,fazer
10367,1977,É
10368,1977,só
10369,1977,inconsequência
10370,1977,O
10371,1977,tempo
10372,1977,continua
10373,1977,com
10374,1977,ou
10375,1977,sem
10376,1977,ação
10377,1977,E
10378,1977,eu
10379,1977,não
10380,1977,consigo
10381,1977,ficar
10382,1977,indeciso
10383,1977,Pontos
10384,1977,de
10385,1977,referência
10386,1977,Perdi
10387,1977,meu
10388,1977,referencial
10389,1977,E
10390,1977,quase
10391,1977,como
10392,1977,sempre
10393,1977,não
10394,1977,foi
10395,1977,proposital
10396,1977,Quero
10397,1977,ficar
10398,1977,na
10399,1977,cidade
10400,1977,ou
10401,1977,não?
10402,1977,Começaram
10403,1977,a
10404,1977,brincar
10405,1977,com
10406,1977,Eletricidade
10407,1977,Quero
10408,1977,ficar
10409,1977,nessa
10410,1977,idade
10411,1977,ou
10412,1977,não?
10413,1977,Quero
10414,1977,ficar
10415,1977,na
10416,1977,cidade
10417,1977,ou
10418,1977,não?
10419,1977,Começaram
10420,1977,a
10421,1977,brincar
10422,1977,com
10423,1977,Eletricidade
10424,1977,Quero
10425,1977,ficar
10426,1977,nessa
10427,1977,idade
10428,1977,ou
10429,1977,não?
10430,1977,None
11208,1o-de-julho,O
11209,1o-de-julho,quanto
11210,1o-de-julho,te
11211,1o-de-julho,ensinei
11212,1o-de-julho,E
11213,1o-de-julho,é
11214,1o-de-julho,nos
11215,1o-de-julho,teus
11216,1o-de-julho,braços
11217,1o-de-julho,que
11218,1o-de-julho,ele
11219,1o-de-julho,vai
11220,1o-de-julho,saber
11221,1o-de-julho,Não
11222,1o-de-julho,há
11223,1o-de-julho,por
11224,1o-de-julho,que
11225,1o-de-julho,voltar
11226,1o-de-julho,Não
11227,1o-de-julho,penso
11228,1o-de-julho,em
11229,1o-de-julho,te
11230,1o-de-julho,seguir
11231,1o-de-julho,Não
11232,1o-de-julho,quero
11233,1o-de-julho,mais
11234,1o-de-julho,a
11235,1o-de-julho,tua
11236,1o-de-julho,insensatez
11237,1o-de-julho,O
11238,1o-de-julho,que
11239,1o-de-julho,fazes
11240,1o-de-julho,sem
11241,1o-de-julho,pensar
11242,1o-de-julho,aprendeste
11243,1o-de-julho,do
11244,1o-de-julho,olhar
11245,1o-de-julho,E
11246,1o-de-julho,das
11247,1o-de-julho,palavras
11248,1o-de-julho,que
11249,1o-de-julho,guardei
11250,1o-de-julho,pra
11251,1o-de-julho,ti
11252,1o-de-julho,Não
11253,1o-de-julho,sou
11254,1o-de-julho,assim
11255,1o-de-julho,A
11256,1o-de-julho,tua
11257,1o-de-julho,insegurança
11258,1o-de-julho,era
11259,1o-de-julho,por
11260,1o-de-julho,mim
11261,1o-de-julho,Não
11262,1o-de-julho,basta
11263,1o-de-julho,o
11264,1o-de-julho,compromisso
11265,1o-de-julho,Vale
11266,1o-de-julho,mais
11267,1o-de-julho,o
11268,1o-de-julho,coração
11269,1o-de-julho,Já
11270,1o-de-julho,que
11271,1o-de-julho,não
11272,1o-de-julho,me
11273,1o-de-julho,"entendes,"
11274,1o-de-julho,não
11275,1o-de-julho,me
11276,1o-de-julho,julgues
11277,1o-de-julho,Não
11278,1o-de-julho,me
11279,1o-de-julho,tentes
11280,1o-de-julho,O
11281,1o-de-julho,que
11282,1o-de-julho,sabes
11283,1o-de-julho,fazer
11284,1o-de-julho,agora
11285,1o-de-julho,Veio
11286,1o-de-julho,tudo
11287,1o-de-julho,de
11288,1o-de-julho,nossas
11289,1o-de-julho,horas
11290,1o-de-julho,Eu
11291,1o-de-julho,não
11292,1o-de-julho,"minto,"
11293,1o-de-julho,eu
11294,1o-de-julho,não
11295,1o-de-julho,sou
11296,1o-de-julho,assim
11297,1o-de-julho,Que
11298,1o-de-julho,eu
11299,1o-de-julho,estava
11300,1o-de-julho,a
11301,1o-de-julho,teu
11302,1o-de-julho,lado
11303,1o-de-julho,então
11304,1o-de-julho,Sou
11305,1o-de-julho,"fera,"
11306,1o-de-julho,sou
11307,1o-de-julho,"bicho,"
11308,1o-de-julho,sou
11309,1o-de-julho,anjo
11310,1o-de-julho,e
11311,1o-de-julho,sou
11312,1o-de-julho,mulher
11313,1o-de-julho,Minha
11314,1o-de-julho,mãe
11315,1o-de-julho,e
11316,1o-de-julho,minha
11317,1o-de-julho,filha
11318,1o-de-julho,Minha
11319,1o-de-julho,"irmã,"
11320,1o-de-julho,minha
11321,1o-de-julho,menina
11322,1o-de-julho,Mas
11323,1o-de-julho,sou
11324,1o-de-julho,"minha,"
11325,1o-de-julho,só
11326,1o-de-julho,minha
11327,1o-de-julho,e
11328,1o-de-julho,não
11329,1o-de-julho,de
11330,1o-de-julho,quem
11331,1o-de-julho,quiser
11332,1o-de-julho,Sou
11333,1o-de-julho,"Deus,"
11334,1o-de-julho,tua
11335,1o-de-julho,"Deusa,"
11336,1o-de-julho,meu
11337,1o-de-julho,amor
11338,1o-de-julho,Do
11339,1o-de-julho,ventre
11340,1o-de-julho,nasce
11341,1o-de-julho,um
11342,1o-de-julho,novo
11343,1o-de-julho,coração
11344,1o-de-julho,Não
11345,1o-de-julho,sou
11346,1o-de-julho,assim
11347,1o-de-julho,A
11348,1o-de-julho,tua
11349,1o-de-julho,insegurança
11350,1o-de-julho,era
11351,1o-de-julho,por
11352,1o-de-julho,mim
11353,1o-de-julho,Não
11354,1o-de-julho,basta
11355,1o-de-julho,o
11356,1o-de-julho,compromisso
11357,1o-de-julho,Vale
11358,1o-de-julho,mais
11359,1o-de-julho,o
11360,1o-de-julho,coração
11361,1o-de-julho,Ninguém
11362,1o-de-julho,sabia
11363,1o-de-julho,e
11364,1o-de-julho,ninguém
11365,1o-de-julho,viu
11366,1o-de-julho,Que
11367,1o-de-julho,eu
11368,1o-de-julho,estava
11369,1o-de-julho,ao
11370,1o-de-julho,teu
11371,1o-de-julho,lado
11372,1o-de-julho,então
11373,1o-de-julho,Sou
11374,1o-de-julho,minha
11375,1o-de-julho,mãe
11376,1o-de-julho,e
11377,1o-de-julho,minha
11378,1o-de-julho,filha
11379,1o-de-julho,Minha
11380,1o-de-julho,"irmã,"
11381,1o-de-julho,minha
11382,1o-de-julho,menina
11383,1o-de-julho,Mas
11384,1o-de-julho,sou
11385,1o-de-julho,"minha,"
11386,1o-de-julho,só
11387,1o-de-julho,minha
11388,1o-de-julho,e
11389,1o-de-julho,não
11390,1o-de-julho,de
11391,1o-de-julho,quem
11392,1o-de-julho,quiser
11393,1o-de-julho,Sou
11394,1o-de-julho,"Deus,"
11395,1o-de-julho,tua
11396,1o-de-julho,"deusa,"
11397,1o-de-julho,meu
11398,1o-de-julho,amor
11399,1o-de-julho,Yeah!
11400,1o-de-julho,É
11401,1o-de-julho,o
11402,1o-de-julho,mundo
11403,1o-de-julho,que
11404,1o-de-julho,"virá,"
11405,1o-de-julho,pra
11406,1o-de-julho,ti..
11407,1o-de-julho,Para
11408,1o-de-julho,mim
11409,1o-de-julho,Quero
11410,1o-de-julho,aprender
11411,1o-de-julho,com
11412,1o-de-julho,o
11413,1o-de-julho,teu
11414,1o-de-julho,pequeno
11415,1o-de-julho,grande
11416,1o-de-julho,coração
11417,1o-de-julho,Meu
11418,1o-de-julho,"amor,"
11419,1o-de-julho,meu
11420,1o-de-julho,amor
11421,1o-de-julho,Baby
11422,1o-de-julho,None
12142,a-cancao-do-senhor-da-guerra,Que
12143,a-cancao-do-senhor-da-guerra,vai
12144,a-cancao-do-senhor-da-guerra,comprar
12145,a-cancao-do-senhor-da-guerra,a
12146,a-cancao-do-senhor-da-guerra,sua
12147,a-cancao-do-senhor-da-guerra,juventude
12148,a-cancao-do-senhor-da-guerra,E
12149,a-cancao-do-senhor-da-guerra,convencê-lo
12150,a-cancao-do-senhor-da-guerra,a
12151,a-cancao-do-senhor-da-guerra,vencer
12152,a-cancao-do-senhor-da-guerra,Já
12153,a-cancao-do-senhor-da-guerra,são
12154,a-cancao-do-senhor-da-guerra,tantas
12155,a-cancao-do-senhor-da-guerra,as
12156,a-cancao-do-senhor-da-guerra,crianças
12157,a-cancao-do-senhor-da-guerra,Com
12158,a-cancao-do-senhor-da-guerra,armas
12159,a-cancao-do-senhor-da-guerra,na
12160,a-cancao-do-senhor-da-guerra,mão
12161,a-cancao-do-senhor-da-guerra,Mas
12162,a-cancao-do-senhor-da-guerra,explicam
12163,a-cancao-do-senhor-da-guerra,novamente
12164,a-cancao-do-senhor-da-guerra,que
12165,a-cancao-do-senhor-da-guerra,a
12166,a-cancao-do-senhor-da-guerra,guerra
12167,a-cancao-do-senhor-da-guerra,Gera
12168,a-cancao-do-senhor-da-guerra,"empregos,"
12169,a-cancao-do-senhor-da-guerra,aumenta
12170,a-cancao-do-senhor-da-guerra,a
12171,a-cancao-do-senhor-da-guerra,produção
12172,a-cancao-do-senhor-da-guerra,Uma
12173,a-cancao-do-senhor-da-guerra,guerra
12174,a-cancao-do-senhor-da-guerra,sempre
12175,a-cancao-do-senhor-da-guerra,avança
12176,a-cancao-do-senhor-da-guerra,a
12177,a-cancao-do-senhor-da-guerra,tecnologia
12178,a-cancao-do-senhor-da-guerra,Mesmo
12179,a-cancao-do-senhor-da-guerra,sendo
12180,a-cancao-do-senhor-da-guerra,guerra
12181,a-cancao-do-senhor-da-guerra,santa
12182,a-cancao-do-senhor-da-guerra,"Quente,"
12183,a-cancao-do-senhor-da-guerra,morna
12184,a-cancao-do-senhor-da-guerra,ou
12185,a-cancao-do-senhor-da-guerra,fria
12186,a-cancao-do-senhor-da-guerra,Dão
12187,a-cancao-do-senhor-da-guerra,mais
12188,a-cancao-do-senhor-da-guerra,lucros
12189,a-cancao-do-senhor-da-guerra,na
12190,a-cancao-do-senhor-da-guerra,exportação?
12191,a-cancao-do-senhor-da-guerra,Pra
12192,a-cancao-do-senhor-da-guerra,lutar
12193,a-cancao-do-senhor-da-guerra,em
12194,a-cancao-do-senhor-da-guerra,seu
12195,a-cancao-do-senhor-da-guerra,lugar
12196,a-cancao-do-senhor-da-guerra,já
12197,a-cancao-do-senhor-da-guerra,que
12198,a-cancao-do-senhor-da-guerra,nessa
12199,a-cancao-do-senhor-da-guerra,guerra
12200,a-cancao-do-senhor-da-guerra,Não
12201,a-cancao-do-senhor-da-guerra,é
12202,a-cancao-do-senhor-da-guerra,ele
12203,a-cancao-do-senhor-da-guerra,quem
12204,a-cancao-do-senhor-da-guerra,vai
12205,a-cancao-do-senhor-da-guerra,morrer
12206,a-cancao-do-senhor-da-guerra,Ferido
12207,a-cancao-do-senhor-da-guerra,e
12208,a-cancao-do-senhor-da-guerra,com
12209,a-cancao-do-senhor-da-guerra,frio
12210,a-cancao-do-senhor-da-guerra,O
12211,a-cancao-do-senhor-da-guerra,inimigo
12212,a-cancao-do-senhor-da-guerra,você
12213,a-cancao-do-senhor-da-guerra,espera
12214,a-cancao-do-senhor-da-guerra,Ele
12215,a-cancao-do-senhor-da-guerra,estará
12216,a-cancao-do-senhor-da-guerra,com
12217,a-cancao-do-senhor-da-guerra,outros
12218,a-cancao-do-senhor-da-guerra,velhos
12219,a-cancao-do-senhor-da-guerra,Inventando
12220,a-cancao-do-senhor-da-guerra,novos
12221,a-cancao-do-senhor-da-guerra,jogos
12222,a-cancao-do-senhor-da-guerra,de
12223,a-cancao-do-senhor-da-guerra,guerra
12224,a-cancao-do-senhor-da-guerra,Não
12225,a-cancao-do-senhor-da-guerra,teremos
12226,a-cancao-do-senhor-da-guerra,mais
12227,a-cancao-do-senhor-da-guerra,problemas
12228,a-cancao-do-senhor-da-guerra,Com
12229,a-cancao-do-senhor-da-guerra,a
12230,a-cancao-do-senhor-da-guerra,superpopulação
12231,a-cancao-do-senhor-da-guerra,Veja
12232,a-cancao-do-senhor-da-guerra,que
12233,a-cancao-do-senhor-da-guerra,uniforme
12234,a-cancao-do-senhor-da-guerra,lindo
12235,a-cancao-do-senhor-da-guerra,fizemos
12236,a-cancao-do-senhor-da-guerra,pra
12237,a-cancao-do-senhor-da-guerra,você
12238,a-cancao-do-senhor-da-guerra,E
12239,a-cancao-do-senhor-da-guerra,lembre-se
12240,a-cancao-do-senhor-da-guerra,sempre
12241,a-cancao-do-senhor-da-guerra,que:
12242,a-cancao-do-senhor-da-guerra,Deus
12243,a-cancao-do-senhor-da-guerra,está
12244,a-cancao-do-senhor-da-guerra,do
12245,a-cancao-do-senhor-da-guerra,lado
12246,a-cancao-do-senhor-da-guerra,de
12247,a-cancao-do-senhor-da-guerra,quem
12248,a-cancao-do-senhor-da-guerra,vai
12249,a-cancao-do-senhor-da-guerra,vencer
12250,a-cancao-do-senhor-da-guerra,O
12251,a-cancao-do-senhor-da-guerra,senhor
12252,a-cancao-do-senhor-da-guerra,da
12253,a-cancao-do-senhor-da-guerra,guerra
12254,a-cancao-do-senhor-da-guerra,não
12255,a-cancao-do-senhor-da-guerra,gosta
12256,a-cancao-do-senhor-da-guerra,de
12257,a-cancao-do-senhor-da-guerra,crianças
12258,a-cancao-do-senhor-da-guerra,O
12259,a-cancao-do-senhor-da-guerra,senhor
12260,a-cancao-do-senhor-da-guerra,da
12261,a-cancao-do-senhor-da-guerra,guerra
12262,a-cancao-do-senhor-da-guerra,não
12263,a-cancao-do-senhor-da-guerra,gosta
12264,a-cancao-do-senhor-da-guerra,de
12265,a-cancao-do-senhor-da-guerra,crianças
12266,a-cancao-do-senhor-da-guerra,O
12267,a-cancao-do-senhor-da-guerra,senhor
12268,a-cancao-do-senhor-da-guerra,da
12269,a-cancao-do-senhor-da-guerra,guerra
12270,a-cancao-do-senhor-da-guerra,não
12271,a-cancao-do-senhor-da-guerra,gosta
12272,a-cancao-do-senhor-da-guerra,de
12273,a-cancao-do-senhor-da-guerra,crianças
12274,a-cancao-do-senhor-da-guerra,O
12275,a-cancao-do-senhor-da-guerra,senhor
12276,a-cancao-do-senhor-da-guerra,da
12277,a-cancao-do-senhor-da-guerra,guerra
12278,a-cancao-do-senhor-da-guerra,não
12279,a-cancao-do-senhor-da-guerra,gosta
12280,a-cancao-do-senhor-da-guerra,de
12281,a-cancao-do-senhor-da-guerra,crianças
12282,a-cancao-do-senhor-da-guerra,O
12283,a-cancao-do-senhor-da-guerra,senhor
12284,a-cancao-do-senhor-da-guerra,da
12285,a-cancao-do-senhor-da-guerra,guerra
12286,a-cancao-do-senhor-da-guerra,não
12287,a-cancao-do-senhor-da-guerra,gosta
12288,a-cancao-do-senhor-da-guerra,de
12289,a-cancao-do-senhor-da-guerra,crianças
12290,a-cancao-do-senhor-da-guerra,None
14010,a-cruz-a-espada,Um
14011,a-cruz-a-espada,sentimento
14012,a-cruz-a-espada,quase
14013,a-cruz-a-espada,infantil
14014,a-cruz-a-espada,Havia
14015,a-cruz-a-espada,o
14016,a-cruz-a-espada,medo
14017,a-cruz-a-espada,e
14018,a-cruz-a-espada,a
14019,a-cruz-a-espada,timidez
14020,a-cruz-a-espada,Todo
14021,a-cruz-a-espada,um
14022,a-cruz-a-espada,lado
14023,a-cruz-a-espada,que
14024,a-cruz-a-espada,você
14025,a-cruz-a-espada,nunca
14026,a-cruz-a-espada,viu
14027,a-cruz-a-espada,Era
14028,a-cruz-a-espada,mesmo
14029,a-cruz-a-espada,o
14030,a-cruz-a-espada,fim
14031,a-cruz-a-espada,Era
14032,a-cruz-a-espada,o
14033,a-cruz-a-espada,começo
14034,a-cruz-a-espada,que
14035,a-cruz-a-espada,o
14036,a-cruz-a-espada,meu
14037,a-cruz-a-espada,desejo
14038,a-cruz-a-espada,Se
14039,a-cruz-a-espada,perdeu
14040,a-cruz-a-espada,de
14041,a-cruz-a-espada,mim
14042,a-cruz-a-espada,Correndo
14043,a-cruz-a-espada,tanto
14044,a-cruz-a-espada,Procurando
14045,a-cruz-a-espada,aquele
14046,a-cruz-a-espada,novo
14047,a-cruz-a-espada,lugar
14048,a-cruz-a-espada,Aquela
14049,a-cruz-a-espada,festa
14050,a-cruz-a-espada,O
14051,a-cruz-a-espada,que
14052,a-cruz-a-espada,me
14053,a-cruz-a-espada,resta
14054,a-cruz-a-espada,Encontrar
14055,a-cruz-a-espada,alguém
14056,a-cruz-a-espada,legal
14057,a-cruz-a-espada,pra
14058,a-cruz-a-espada,ficar
14059,a-cruz-a-espada,Era
14060,a-cruz-a-espada,mesmo
14061,a-cruz-a-espada,o
14062,a-cruz-a-espada,fim
14063,a-cruz-a-espada,Era
14064,a-cruz-a-espada,o
14065,a-cruz-a-espada,começo
14066,a-cruz-a-espada,que
14067,a-cruz-a-espada,o
14068,a-cruz-a-espada,meu
14069,a-cruz-a-espada,desejo
14070,a-cruz-a-espada,Se
14071,a-cruz-a-espada,perdeu
14072,a-cruz-a-espada,de
14073,a-cruz-a-espada,mim
14074,a-cruz-a-espada,Era
14075,a-cruz-a-espada,mesmo
14076,a-cruz-a-espada,o
14077,a-cruz-a-espada,fim
14078,a-cruz-a-espada,Era
14079,a-cruz-a-espada,o
14080,a-cruz-a-espada,começo
14081,a-cruz-a-espada,que
14082,a-cruz-a-espada,o
14083,a-cruz-a-espada,meu
14084,a-cruz-a-espada,desejo
14085,a-cruz-a-espada,Se
14086,a-cruz-a-espada,perdeu
14087,a-cruz-a-espada,de
14088,a-cruz-a-espada,mim
14089,a-cruz-a-espada,Acordo
14090,a-cruz-a-espada,tarde
14091,a-cruz-a-espada,Do
14092,a-cruz-a-espada,meu
14093,a-cruz-a-espada,lado
14094,a-cruz-a-espada,alguém
14095,a-cruz-a-espada,que
14096,a-cruz-a-espada,eu
14097,a-cruz-a-espada,nem
14098,a-cruz-a-espada,conhecia
14099,a-cruz-a-espada,Outra
14100,a-cruz-a-espada,criança
14101,a-cruz-a-espada,adulterada
14102,a-cruz-a-espada,Pelos
14103,a-cruz-a-espada,anos
14104,a-cruz-a-espada,que
14105,a-cruz-a-espada,a
14106,a-cruz-a-espada,pintura
14107,a-cruz-a-espada,escondia
14108,a-cruz-a-espada,Era
14109,a-cruz-a-espada,o
14110,a-cruz-a-espada,"fim,"
14111,a-cruz-a-espada,o
14112,a-cruz-a-espada,fim
14113,a-cruz-a-espada,Era
14114,a-cruz-a-espada,o
14115,a-cruz-a-espada,começo
14116,a-cruz-a-espada,que
14117,a-cruz-a-espada,o
14118,a-cruz-a-espada,meu
14119,a-cruz-a-espada,desejo
14120,a-cruz-a-espada,Se
14121,a-cruz-a-espada,perdeu
14122,a-cruz-a-espada,de
14123,a-cruz-a-espada,mim
14124,a-cruz-a-espada,Era
14125,a-cruz-a-espada,mesmo
14126,a-cruz-a-espada,o
14127,a-cruz-a-espada,fim
14128,a-cruz-a-espada,Era
14129,a-cruz-a-espada,o
14130,a-cruz-a-espada,começo
14131,a-cruz-a-espada,que
14132,a-cruz-a-espada,o
14133,a-cruz-a-espada,meu
14134,a-cruz-a-espada,desejo
14135,a-cruz-a-espada,Se
14136,a-cruz-a-espada,perdeu
14137,a-cruz-a-espada,de
14138,a-cruz-a-espada,mim
14139,a-cruz-a-espada,None
14944,a-danca,Só
14945,a-danca,vejo
14946,a-danca,preconceito
14947,a-danca,E
14948,a-danca,a
14949,a-danca,sua
14950,a-danca,roupa
14951,a-danca,nova
14952,a-danca,É
14953,a-danca,só
14954,a-danca,uma
14955,a-danca,roupa
14956,a-danca,nova
14957,a-danca,Pra
14958,a-danca,acompanhar
14959,a-danca,a
14960,a-danca,moda
14961,a-danca,Tratando
14962,a-danca,as
14963,a-danca,meninas
14964,a-danca,Como
14965,a-danca,se
14966,a-danca,fossem
14967,a-danca,lixo
14968,a-danca,Só
14969,a-danca,a
14970,a-danca,você
14971,a-danca,pertence
14972,a-danca,Ou
14973,a-danca,então
14974,a-danca,espécie
14975,a-danca,rara
14976,a-danca,Que
14977,a-danca,você
14978,a-danca,não
14979,a-danca,respeita
14980,a-danca,Que
14981,a-danca,é
14982,a-danca,só
14983,a-danca,um
14984,a-danca,objeto
14985,a-danca,Pra
14986,a-danca,usar
14987,a-danca,e
14988,a-danca,jogar
14989,a-danca,fora
14990,a-danca,Depois
14991,a-danca,de
14992,a-danca,ter
14993,a-danca,prazer
14994,a-danca,Se
14995,a-danca,acha
14996,a-danca,tão
14997,a-danca,moderno
14998,a-danca,Mas
14999,a-danca,é
15000,a-danca,igual
15001,a-danca,a
15002,a-danca,seus
15003,a-danca,pais
15004,a-danca,É
15005,a-danca,só
15006,a-danca,questão
15007,a-danca,de
15008,a-danca,idade
15009,a-danca,Passando
15010,a-danca,dessa
15011,a-danca,fase
15012,a-danca,Tanto
15013,a-danca,fez
15014,a-danca,e
15015,a-danca,tanto
15016,a-danca,faz
15017,a-danca,E
15018,a-danca,as
15019,a-danca,suas
15020,a-danca,teorias
15021,a-danca,E
15022,a-danca,a
15023,a-danca,sua
15024,a-danca,rebeldia
15025,a-danca,E
15026,a-danca,a
15027,a-danca,sua
15028,a-danca,solidão
15029,a-danca,Mas
15030,a-danca,não
15031,a-danca,tem
15032,a-danca,mais
15033,a-danca,dinheiro
15034,a-danca,Pra
15035,a-danca,comprar
15036,a-danca,outra
15037,a-danca,fuga
15038,a-danca,Sair
15039,a-danca,de
15040,a-danca,casa
15041,a-danca,então
15042,a-danca,É
15043,a-danca,outra
15044,a-danca,sexta-feira
15045,a-danca,Que
15046,a-danca,se
15047,a-danca,dane
15048,a-danca,o
15049,a-danca,futuro
15050,a-danca,Você
15051,a-danca,tem
15052,a-danca,a
15053,a-danca,vida
15054,a-danca,inteira
15055,a-danca,Você
15056,a-danca,está
15057,a-danca,tão
15058,a-danca,certo
15059,a-danca,Mas
15060,a-danca,você
15061,a-danca,nunca
15062,a-danca,dançou
15063,a-danca,Com
15064,a-danca,ódio
15065,a-danca,de
15066,a-danca,verdade
15067,a-danca,Você
15068,a-danca,está
15069,a-danca,tão
15070,a-danca,certo
15071,a-danca,Que
15072,a-danca,você
15073,a-danca,nunca
15074,a-danca,vai
15075,a-danca,errar
15076,a-danca,Mas
15077,a-danca,a
15078,a-danca,vida
15079,a-danca,deixa
15080,a-danca,marcas
15081,a-danca,Tenha
15082,a-danca,cuidado
15083,a-danca,Se
15084,a-danca,um
15085,a-danca,dia
15086,a-danca,você
15087,a-danca,dançar
15088,a-danca,Só
15089,a-danca,não
15090,a-danca,somos
15091,a-danca,sinceros
15092,a-danca,Nos
15093,a-danca,escondemos
15094,a-danca,mais
15095,a-danca,e
15096,a-danca,mais
15097,a-danca,É
15098,a-danca,só
15099,a-danca,questão
15100,a-danca,de
15101,a-danca,idade
15102,a-danca,Passando
15103,a-danca,dessa
15104,a-danca,fase
15105,a-danca,Tanto
15106,a-danca,fez
15107,a-danca,e
15108,a-danca,tanto
15109,a-danca,faz
15110,a-danca,Você
15111,a-danca,está
15112,a-danca,tão
15113,a-danca,certo
15114,a-danca,Que
15115,a-danca,você
15116,a-danca,nunca
15117,a-danca,vai
15118,a-danca,errar
15119,a-danca,Mas
15120,a-danca,a
15121,a-danca,vida
15122,a-danca,deixa
15123,a-danca,marcas
15124,a-danca,Tenha
15125,a-danca,cuidado
15126,a-danca,Se
15127,a-danca,um
15128,a-danca,dia
15129,a-danca,você
15130,a-danca,dançar
15131,a-danca,None
16812,a-fonte,Não
16813,a-fonte,consigo
16814,a-fonte,encontrar
16815,a-fonte,abrigo
16816,a-fonte,Meu
16817,a-fonte,país
16818,a-fonte,é
16819,a-fonte,campo
16820,a-fonte,inimigo
16821,a-fonte,E
16822,a-fonte,você
16823,a-fonte,finge
16824,a-fonte,que
16825,a-fonte,"vê,"
16826,a-fonte,mas
16827,a-fonte,não
16828,a-fonte,vê
16829,a-fonte,Mas
16830,a-fonte,antes
16831,a-fonte,você
16832,a-fonte,verá
16833,a-fonte,seus
16834,a-fonte,pequenos
16835,a-fonte,filhos
16836,a-fonte,trazendo
16837,a-fonte,novidades
16838,a-fonte,Não
16839,a-fonte,faça
16840,a-fonte,com
16841,a-fonte,os
16842,a-fonte,outros
16843,a-fonte,o
16844,a-fonte,que
16845,a-fonte,você
16846,a-fonte,não
16847,a-fonte,quer
16848,a-fonte,Que
16849,a-fonte,seja
16850,a-fonte,feito
16851,a-fonte,com
16852,a-fonte,você
16853,a-fonte,Você
16854,a-fonte,finge
16855,a-fonte,não
16856,a-fonte,ver
16857,a-fonte,e
16858,a-fonte,isso
16859,a-fonte,dá
16860,a-fonte,câncer
16861,a-fonte,"Esperança,"
16862,a-fonte,teus
16863,a-fonte,lençois
16864,a-fonte,têm
16865,a-fonte,cheiro
16866,a-fonte,de
16867,a-fonte,doença
16868,a-fonte,E
16869,a-fonte,veja
16870,a-fonte,que
16871,a-fonte,da
16872,a-fonte,fonte
16873,a-fonte,sou
16874,a-fonte,os
16875,a-fonte,quilômetros
16876,a-fonte,adiante
16877,a-fonte,Minha
16878,a-fonte,vida
16879,a-fonte,e
16880,a-fonte,meus
16881,a-fonte,amigos
16882,a-fonte,Eu
16883,a-fonte,acredito
16884,a-fonte,em
16885,a-fonte,mim
16886,a-fonte,E
16887,a-fonte,continuo
16888,a-fonte,limpo
16889,a-fonte,Mas
16890,a-fonte,você
16891,a-fonte,não
16892,a-fonte,vê
16893,a-fonte,que
16894,a-fonte,a
16895,a-fonte,maldade
16896,a-fonte,é
16897,a-fonte,prejuizo
16898,a-fonte,O
16899,a-fonte,que
16900,a-fonte,há
16901,a-fonte,de
16902,a-fonte,errado
16903,a-fonte,comigo?
16904,a-fonte,Eu
16905,a-fonte,não
16906,a-fonte,sei
16907,a-fonte,nada
16908,a-fonte,e
16909,a-fonte,continuo
16910,a-fonte,limpo
16911,a-fonte,À
16912,a-fonte,esquerda
16913,a-fonte,da
16914,a-fonte,entrada
16915,a-fonte,do
16916,a-fonte,inferno
16917,a-fonte,Está
16918,a-fonte,a
16919,a-fonte,fonte
16920,a-fonte,do
16921,a-fonte,esquecimento
16922,a-fonte,Vou
16923,a-fonte,mais
16924,a-fonte,"além,não"
16925,a-fonte,bebo
16926,a-fonte,dessa
16927,a-fonte,água
16928,a-fonte,Chego
16929,a-fonte,ao
16930,a-fonte,lago
16931,a-fonte,da
16932,a-fonte,memória
16933,a-fonte,Que
16934,a-fonte,tem
16935,a-fonte,água
16936,a-fonte,pura
16937,a-fonte,e
16938,a-fonte,fresca
16939,a-fonte,E
16940,a-fonte,digo
16941,a-fonte,aos
16942,a-fonte,guardiões
16943,a-fonte,da
16944,a-fonte,entrada
16945,a-fonte,"""Sou"
16946,a-fonte,filho
16947,a-fonte,da
16948,a-fonte,Terra
16949,a-fonte,e
16950,a-fonte,do
16951,a-fonte,"Céu"""
16952,a-fonte,Olhe
16953,a-fonte,nos
16954,a-fonte,meus
16955,a-fonte,"olhos,"
16956,a-fonte,sou
16957,a-fonte,o
16958,a-fonte,homem-tocha
16959,a-fonte,Me
16960,a-fonte,tira
16961,a-fonte,essa
16962,a-fonte,"vergonha,"
16963,a-fonte,me
16964,a-fonte,liberta
16965,a-fonte,dessa
16966,a-fonte,culpa
16967,a-fonte,Me
16968,a-fonte,arranca
16969,a-fonte,esse
16970,a-fonte,"ódio,"
16971,a-fonte,me
16972,a-fonte,livra
16973,a-fonte,desse
16974,a-fonte,medo
16975,a-fonte,E
16976,a-fonte,esta
16977,a-fonte,é
16978,a-fonte,uma
16979,a-fonte,canção
16980,a-fonte,de
16981,a-fonte,amor
16982,a-fonte,E
16983,a-fonte,esta
16984,a-fonte,é
16985,a-fonte,uma
16986,a-fonte,canção
16987,a-fonte,de
16988,a-fonte,amor
16989,a-fonte,None
17746,a-montanha-magica,Me
17747,a-montanha-magica,equilibro
17748,a-montanha-magica,entre
17749,a-montanha-magica,dias
17750,a-montanha-magica,e
17751,a-montanha-magica,noites
17752,a-montanha-magica,Minha
17753,a-montanha-magica,vida
17754,a-montanha-magica,toda
17755,a-montanha-magica,espera
17756,a-montanha-magica,algo
17757,a-montanha-magica,de
17758,a-montanha-magica,mim
17759,a-montanha-magica,"Meio-sorriso,"
17760,a-montanha-magica,"meia-lua,"
17761,a-montanha-magica,toda
17762,a-montanha-magica,tarde
17763,a-montanha-magica,Minha
17764,a-montanha-magica,flor
17765,a-montanha-magica,da
17766,a-montanha-magica,Tailândia
17767,a-montanha-magica,És
17768,a-montanha-magica,o
17769,a-montanha-magica,que
17770,a-montanha-magica,tenho
17771,a-montanha-magica,de
17772,a-montanha-magica,suave
17773,a-montanha-magica,E
17774,a-montanha-magica,me
17775,a-montanha-magica,fazes
17776,a-montanha-magica,tão
17777,a-montanha-magica,mal
17778,a-montanha-magica,Estou
17779,a-montanha-magica,só
17780,a-montanha-magica,um
17781,a-montanha-magica,pouco
17782,a-montanha-magica,cansado
17783,a-montanha-magica,Não
17784,a-montanha-magica,sei
17785,a-montanha-magica,se
17786,a-montanha-magica,isto
17787,a-montanha-magica,termina
17788,a-montanha-magica,logo
17789,a-montanha-magica,Meu
17790,a-montanha-magica,joelho
17791,a-montanha-magica,dói
17792,a-montanha-magica,E
17793,a-montanha-magica,não
17794,a-montanha-magica,há
17795,a-montanha-magica,nada
17796,a-montanha-magica,a
17797,a-montanha-magica,fazer
17798,a-montanha-magica,agora
17799,a-montanha-magica,A
17800,a-montanha-magica,felicidade
17801,a-montanha-magica,mora
17802,a-montanha-magica,aqui
17803,a-montanha-magica,comigo
17804,a-montanha-magica,até
17805,a-montanha-magica,segunda
17806,a-montanha-magica,ordem
17807,a-montanha-magica,Um
17808,a-montanha-magica,outro
17809,a-montanha-magica,agora
17810,a-montanha-magica,vive
17811,a-montanha-magica,minha
17812,a-montanha-magica,vida
17813,a-montanha-magica,Sei
17814,a-montanha-magica,o
17815,a-montanha-magica,que
17816,a-montanha-magica,ele
17817,a-montanha-magica,"sonha,"
17818,a-montanha-magica,pensa
17819,a-montanha-magica,e
17820,a-montanha-magica,sente
17821,a-montanha-magica,Não
17822,a-montanha-magica,é
17823,a-montanha-magica,coincidência
17824,a-montanha-magica,a
17825,a-montanha-magica,minha
17826,a-montanha-magica,indiferença
17827,a-montanha-magica,Sou
17828,a-montanha-magica,uma
17829,a-montanha-magica,cópia
17830,a-montanha-magica,do
17831,a-montanha-magica,que
17832,a-montanha-magica,faço
17833,a-montanha-magica,O
17834,a-montanha-magica,que
17835,a-montanha-magica,temos
17836,a-montanha-magica,é
17837,a-montanha-magica,o
17838,a-montanha-magica,que
17839,a-montanha-magica,nos
17840,a-montanha-magica,resta
17841,a-montanha-magica,E
17842,a-montanha-magica,estamos
17843,a-montanha-magica,querendo
17844,a-montanha-magica,demais
17845,a-montanha-magica,Minha
17846,a-montanha-magica,flor
17847,a-montanha-magica,da
17848,a-montanha-magica,Tailândia
17849,a-montanha-magica,És
17850,a-montanha-magica,o
17851,a-montanha-magica,que
17852,a-montanha-magica,tenho
17853,a-montanha-magica,de
17854,a-montanha-magica,suave
17855,a-montanha-magica,E
17856,a-montanha-magica,me
17857,a-montanha-magica,fazes
17858,a-montanha-magica,tão
17859,a-montanha-magica,mal
17860,a-montanha-magica,Pode
17861,a-montanha-magica,até
17862,a-montanha-magica,"ser,"
17863,a-montanha-magica,mas
17864,a-montanha-magica,estou
17865,a-montanha-magica,pronto
17866,a-montanha-magica,pra
17867,a-montanha-magica,mais
17868,a-montanha-magica,uma
17869,a-montanha-magica,O
17870,a-montanha-magica,que
17871,a-montanha-magica,é
17872,a-montanha-magica,que
17873,a-montanha-magica,desvirtua
17874,a-montanha-magica,e
17875,a-montanha-magica,ensina?
17876,a-montanha-magica,O
17877,a-montanha-magica,que
17878,a-montanha-magica,fizemos
17879,a-montanha-magica,de
17880,a-montanha-magica,nossas
17881,a-montanha-magica,próprias
17882,a-montanha-magica,vidas
17883,a-montanha-magica,A
17884,a-montanha-magica,matemática
17885,a-montanha-magica,dos
17886,a-montanha-magica,amantes
17887,a-montanha-magica,Agora
17888,a-montanha-magica,só
17889,a-montanha-magica,artesanato
17890,a-montanha-magica,O
17891,a-montanha-magica,resto
17892,a-montanha-magica,são
17893,a-montanha-magica,escombros
17894,a-montanha-magica,Nem
17895,a-montanha-magica,é
17896,a-montanha-magica,por
17897,a-montanha-magica,isso
17898,a-montanha-magica,que
17899,a-montanha-magica,estamos
17900,a-montanha-magica,aqui
17901,a-montanha-magica,Cada
17902,a-montanha-magica,criança
17903,a-montanha-magica,com
17904,a-montanha-magica,seu
17905,a-montanha-magica,próprio
17906,a-montanha-magica,canivete
17907,a-montanha-magica,Cada
17908,a-montanha-magica,líder
17909,a-montanha-magica,com
17910,a-montanha-magica,seu
17911,a-montanha-magica,próprio
17912,a-montanha-magica,38
17913,a-montanha-magica,Minha
17914,a-montanha-magica,flor
17915,a-montanha-magica,da
17916,a-montanha-magica,Tailândia
17917,a-montanha-magica,Deixa
17918,a-montanha-magica,o
17919,a-montanha-magica,copo
17920,a-montanha-magica,encher
17921,a-montanha-magica,até
17922,a-montanha-magica,a
17923,a-montanha-magica,borda
17924,a-montanha-magica,Que
17925,a-montanha-magica,eu
17926,a-montanha-magica,quero
17927,a-montanha-magica,um
17928,a-montanha-magica,dia
17929,a-montanha-magica,de
17930,a-montanha-magica,sol
17931,a-montanha-magica,Num
17932,a-montanha-magica,copo
17933,a-montanha-magica,d'água
17934,a-montanha-magica,None
19614,a-ordem-dos-templarios,None
20548,a-tempestade,De
20549,a-tempestade,enfrentar
20550,a-tempestade,o
20551,a-tempestade,teu
20552,a-tempestade,amor
20553,a-tempestade,Que
20554,a-tempestade,me
20555,a-tempestade,traz
20556,a-tempestade,insegurança
20557,a-tempestade,e
20558,a-tempestade,verdade
20559,a-tempestade,demais?
20560,a-tempestade,Será
20561,a-tempestade,que
20562,a-tempestade,eu
20563,a-tempestade,sou
20564,a-tempestade,capaz?
20565,a-tempestade,Com
20566,a-tempestade,teu
20567,a-tempestade,amor
20568,a-tempestade,eu
20569,a-tempestade,quero
20570,a-tempestade,que
20571,a-tempestade,sintas
20572,a-tempestade,dor
20573,a-tempestade,Eu
20574,a-tempestade,quero
20575,a-tempestade,ver-te
20576,a-tempestade,em
20577,a-tempestade,sangue
20578,a-tempestade,e
20579,a-tempestade,ser
20580,a-tempestade,teu
20581,a-tempestade,credor
20582,a-tempestade,Veja
20583,a-tempestade,bem
20584,a-tempestade,quem
20585,a-tempestade,eu
20586,a-tempestade,sou
20587,a-tempestade,Quero
20588,a-tempestade,rasgar-te
20589,a-tempestade,e
20590,a-tempestade,ver
20591,a-tempestade,o
20592,a-tempestade,sangue
20593,a-tempestade,manchar
20594,a-tempestade,Toda
20595,a-tempestade,a
20596,a-tempestade,pureza
20597,a-tempestade,que
20598,a-tempestade,vem
20599,a-tempestade,do
20600,a-tempestade,teu
20601,a-tempestade,olhar
20602,a-tempestade,Eu
20603,a-tempestade,não
20604,a-tempestade,sei
20605,a-tempestade,mais
20606,a-tempestade,sentir
20607,a-tempestade,None
21482,a-via-lactea,Sempre
21483,a-via-lactea,existe
21484,a-via-lactea,um
21485,a-via-lactea,caminho
21486,a-via-lactea,Quando
21487,a-via-lactea,tudo
21488,a-via-lactea,está
21489,a-via-lactea,perdido
21490,a-via-lactea,Sempre
21491,a-via-lactea,existe
21492,a-via-lactea,uma
21493,a-via-lactea,luz
21494,a-via-lactea,Hoje
21495,a-via-lactea,fiquei
21496,a-via-lactea,com
21497,a-via-lactea,febre
21498,a-via-lactea,a
21499,a-via-lactea,tarde
21500,a-via-lactea,inteira
21501,a-via-lactea,E
21502,a-via-lactea,quando
21503,a-via-lactea,chegar
21504,a-via-lactea,a
21505,a-via-lactea,noite
21506,a-via-lactea,Cada
21507,a-via-lactea,estrela
21508,a-via-lactea,parecerá
21509,a-via-lactea,uma
21510,a-via-lactea,lágrima
21511,a-via-lactea,E
21512,a-via-lactea,rir
21513,a-via-lactea,das
21514,a-via-lactea,desgraças
21515,a-via-lactea,da
21516,a-via-lactea,vida
21517,a-via-lactea,Ou
21518,a-via-lactea,fingir
21519,a-via-lactea,estar
21520,a-via-lactea,sempre
21521,a-via-lactea,bem
21522,a-via-lactea,Ver
21523,a-via-lactea,a
21524,a-via-lactea,leveza
21525,a-via-lactea,das
21526,a-via-lactea,coisas
21527,a-via-lactea,com
21528,a-via-lactea,humor
21529,a-via-lactea,Só
21530,a-via-lactea,me
21531,a-via-lactea,deixe
21532,a-via-lactea,aqui
21533,a-via-lactea,quieto
21534,a-via-lactea,isso
21535,a-via-lactea,passa
21536,a-via-lactea,Amanhã
21537,a-via-lactea,é
21538,a-via-lactea,um
21539,a-via-lactea,outro
21540,a-via-lactea,"dia,"
21541,a-via-lactea,não
21542,a-via-lactea,é?
21543,a-via-lactea,Vem
21544,a-via-lactea,de
21545,a-via-lactea,repente
21546,a-via-lactea,um
21547,a-via-lactea,anjo
21548,a-via-lactea,triste
21549,a-via-lactea,perto
21550,a-via-lactea,de
21551,a-via-lactea,mim
21552,a-via-lactea,E
21553,a-via-lactea,meu
21554,a-via-lactea,sorriso
21555,a-via-lactea,sem
21556,a-via-lactea,graça
21557,a-via-lactea,Não
21558,a-via-lactea,me
21559,a-via-lactea,dê
21560,a-via-lactea,atenção
21561,a-via-lactea,Mas
21562,a-via-lactea,obrigado
21563,a-via-lactea,por
21564,a-via-lactea,pensar
21565,a-via-lactea,em
21566,a-via-lactea,mim
21567,a-via-lactea,Sempre
21568,a-via-lactea,existe
21569,a-via-lactea,uma
21570,a-via-lactea,luz
21571,a-via-lactea,Quando
21572,a-via-lactea,tudo
21573,a-via-lactea,está
21574,a-via-lactea,perdido
21575,a-via-lactea,Sempre
21576,a-via-lactea,existe
21577,a-via-lactea,um
21578,a-via-lactea,caminho
21579,a-via-lactea,Eu
21580,a-via-lactea,me
21581,a-via-lactea,sinto
21582,a-via-lactea,tão
21583,a-via-lactea,sozinho
21584,a-via-lactea,Quando
21585,a-via-lactea,tudo
21586,a-via-lactea,está
21587,a-via-lactea,perdido
21588,a-via-lactea,Não
21589,a-via-lactea,quero
21590,a-via-lactea,mais
21591,a-via-lactea,ser
21592,a-via-lactea,quem
21593,a-via-lactea,eu
21594,a-via-lactea,sou
21595,a-via-lactea,Não
21596,a-via-lactea,me
21597,a-via-lactea,dê
21598,a-via-lactea,atenção
21599,a-via-lactea,E
21600,a-via-lactea,obrigado
21601,a-via-lactea,por
21602,a-via-lactea,pensar
21603,a-via-lactea,em
21604,a-via-lactea,mim
21605,a-via-lactea,Não
21606,a-via-lactea,me
21607,a-via-lactea,dê
21608,a-via-lactea,atenção
21609,a-via-lactea,E
21610,a-via-lactea,obrigado
21611,a-via-lactea,por
21612,a-via-lactea,pensar
21613,a-via-lactea,em
21614,a-via-lactea,mim
21615,a-via-lactea,None
22416,a-whiter-shade-of-pale,Turned
22417,a-whiter-shade-of-pale,cartwheels
22418,a-whiter-shade-of-pale,'cross
22419,a-whiter-shade-of-pale,the
22420,a-whiter-shade-of-pale,floor
22421,a-whiter-shade-of-pale,I
22422,a-whiter-shade-of-pale,was
22423,a-whiter-shade-of-pale,feeling
22424,a-whiter-shade-of-pale,kind
22425,a-whiter-shade-of-pale,of
22426,a-whiter-shade-of-pale,seasick
22427,a-whiter-shade-of-pale,The
22428,a-whiter-shade-of-pale,crowd
22429,a-whiter-shade-of-pale,called
22430,a-whiter-shade-of-pale,out
22431,a-whiter-shade-of-pale,for
22432,a-whiter-shade-of-pale,more
22433,a-whiter-shade-of-pale,As
22434,a-whiter-shade-of-pale,the
22435,a-whiter-shade-of-pale,ceiling
22436,a-whiter-shade-of-pale,flew
22437,a-whiter-shade-of-pale,away
22438,a-whiter-shade-of-pale,When
22439,a-whiter-shade-of-pale,we
22440,a-whiter-shade-of-pale,called
22441,a-whiter-shade-of-pale,out
22442,a-whiter-shade-of-pale,for
22443,a-whiter-shade-of-pale,another
22444,a-whiter-shade-of-pale,drink
22445,a-whiter-shade-of-pale,The
22446,a-whiter-shade-of-pale,waiter
22447,a-whiter-shade-of-pale,brought
22448,a-whiter-shade-of-pale,a
22449,a-whiter-shade-of-pale,tray
22450,a-whiter-shade-of-pale,As
22451,a-whiter-shade-of-pale,the
22452,a-whiter-shade-of-pale,miller
22453,a-whiter-shade-of-pale,told
22454,a-whiter-shade-of-pale,his
22455,a-whiter-shade-of-pale,tale
22456,a-whiter-shade-of-pale,That
22457,a-whiter-shade-of-pale,her
22458,a-whiter-shade-of-pale,"face,"
22459,a-whiter-shade-of-pale,at
22460,a-whiter-shade-of-pale,first
22461,a-whiter-shade-of-pale,just
22462,a-whiter-shade-of-pale,ghostly
22463,a-whiter-shade-of-pale,Turned
22464,a-whiter-shade-of-pale,a
22465,a-whiter-shade-of-pale,whiter
22466,a-whiter-shade-of-pale,shade
22467,a-whiter-shade-of-pale,of
22468,a-whiter-shade-of-pale,pale
22469,a-whiter-shade-of-pale,And
22470,a-whiter-shade-of-pale,the
22471,a-whiter-shade-of-pale,truth
22472,a-whiter-shade-of-pale,is
22473,a-whiter-shade-of-pale,plain
22474,a-whiter-shade-of-pale,to
22475,a-whiter-shade-of-pale,"see"""
22476,a-whiter-shade-of-pale,But
22477,a-whiter-shade-of-pale,I
22478,a-whiter-shade-of-pale,wandered
22479,a-whiter-shade-of-pale,through
22480,a-whiter-shade-of-pale,my
22481,a-whiter-shade-of-pale,playing
22482,a-whiter-shade-of-pale,cards
22483,a-whiter-shade-of-pale,Would
22484,a-whiter-shade-of-pale,not
22485,a-whiter-shade-of-pale,let
22486,a-whiter-shade-of-pale,her
22487,a-whiter-shade-of-pale,be
22488,a-whiter-shade-of-pale,one
22489,a-whiter-shade-of-pale,of
22490,a-whiter-shade-of-pale,sixteen
22491,a-whiter-shade-of-pale,vestal
22492,a-whiter-shade-of-pale,virgins
22493,a-whiter-shade-of-pale,Who
22494,a-whiter-shade-of-pale,were
22495,a-whiter-shade-of-pale,leaving
22496,a-whiter-shade-of-pale,for
22497,a-whiter-shade-of-pale,the
22498,a-whiter-shade-of-pale,coast
22499,a-whiter-shade-of-pale,They
22500,a-whiter-shade-of-pale,might
22501,a-whiter-shade-of-pale,have
22502,a-whiter-shade-of-pale,just
22503,a-whiter-shade-of-pale,as
22504,a-whiter-shade-of-pale,well
22505,a-whiter-shade-of-pale,been
22506,a-whiter-shade-of-pale,closed
22507,a-whiter-shade-of-pale,And
22508,a-whiter-shade-of-pale,so
22509,a-whiter-shade-of-pale,it
22510,a-whiter-shade-of-pale,was
22511,a-whiter-shade-of-pale,later
22512,a-whiter-shade-of-pale,As
22513,a-whiter-shade-of-pale,the
22514,a-whiter-shade-of-pale,miller
22515,a-whiter-shade-of-pale,told
22516,a-whiter-shade-of-pale,his
22517,a-whiter-shade-of-pale,tale
22518,a-whiter-shade-of-pale,That
22519,a-whiter-shade-of-pale,her
22520,a-whiter-shade-of-pale,"face,"
22521,a-whiter-shade-of-pale,at
22522,a-whiter-shade-of-pale,first
22523,a-whiter-shade-of-pale,just
22524,a-whiter-shade-of-pale,ghostly
22525,a-whiter-shade-of-pale,Turned
22526,a-whiter-shade-of-pale,a
22527,a-whiter-shade-of-pale,whiter
22528,a-whiter-shade-of-pale,shade
22529,a-whiter-shade-of-pale,of
22530,a-whiter-shade-of-pale,pale
22531,a-whiter-shade-of-pale,None
23350,acrilic-on-canvas,E
23351,acrilic-on-canvas,mais
23352,acrilic-on-canvas,uma
23353,acrilic-on-canvas,vez
23354,acrilic-on-canvas,De
23355,acrilic-on-canvas,você
23356,acrilic-on-canvas,fiz
23357,acrilic-on-canvas,o
23358,acrilic-on-canvas,desenho
23359,acrilic-on-canvas,Mais
23360,acrilic-on-canvas,perfeito
23361,acrilic-on-canvas,que
23362,acrilic-on-canvas,se
23363,acrilic-on-canvas,fez
23364,acrilic-on-canvas,Os
23365,acrilic-on-canvas,traços
23366,acrilic-on-canvas,copiei
23367,acrilic-on-canvas,Do
23368,acrilic-on-canvas,que
23369,acrilic-on-canvas,não
23370,acrilic-on-canvas,aconteceu
23371,acrilic-on-canvas,As
23372,acrilic-on-canvas,cores
23373,acrilic-on-canvas,que
23374,acrilic-on-canvas,escolhi
23375,acrilic-on-canvas,Entre
23376,acrilic-on-canvas,as
23377,acrilic-on-canvas,tintas
23378,acrilic-on-canvas,que
23379,acrilic-on-canvas,inventei
23380,acrilic-on-canvas,Misturei
23381,acrilic-on-canvas,com
23382,acrilic-on-canvas,a
23383,acrilic-on-canvas,promessa
23384,acrilic-on-canvas,Que
23385,acrilic-on-canvas,nós
23386,acrilic-on-canvas,dois
23387,acrilic-on-canvas,nunca
23388,acrilic-on-canvas,fizemos
23389,acrilic-on-canvas,De
23390,acrilic-on-canvas,um
23391,acrilic-on-canvas,dia
23392,acrilic-on-canvas,sermos
23393,acrilic-on-canvas,três
23394,acrilic-on-canvas,Trabalhei
23395,acrilic-on-canvas,você
23396,acrilic-on-canvas,Em
23397,acrilic-on-canvas,luz
23398,acrilic-on-canvas,e
23399,acrilic-on-canvas,sombra
23400,acrilic-on-canvas,Eu
23401,acrilic-on-canvas,juro
23402,acrilic-on-canvas,que
23403,acrilic-on-canvas,nunca
23404,acrilic-on-canvas,quis
23405,acrilic-on-canvas,deixar
23406,acrilic-on-canvas,você
23407,acrilic-on-canvas,tão
23408,acrilic-on-canvas,triste
23409,acrilic-on-canvas,Sempre
23410,acrilic-on-canvas,as
23411,acrilic-on-canvas,mesmas
23412,acrilic-on-canvas,desculpas
23413,acrilic-on-canvas,E
23414,acrilic-on-canvas,desculpas
23415,acrilic-on-canvas,nem
23416,acrilic-on-canvas,sempre
23417,acrilic-on-canvas,são
23418,acrilic-on-canvas,sinceras
23419,acrilic-on-canvas,Quase
23420,acrilic-on-canvas,nunca
23421,acrilic-on-canvas,são
23422,acrilic-on-canvas,Com
23423,acrilic-on-canvas,pedaços
23424,acrilic-on-canvas,de
23425,acrilic-on-canvas,lençóis
23426,acrilic-on-canvas,Que
23427,acrilic-on-canvas,não
23428,acrilic-on-canvas,chegamos
23429,acrilic-on-canvas,a
23430,acrilic-on-canvas,sujar
23431,acrilic-on-canvas,A
23432,acrilic-on-canvas,armação
23433,acrilic-on-canvas,fiz
23434,acrilic-on-canvas,com
23435,acrilic-on-canvas,madeira
23436,acrilic-on-canvas,Da
23437,acrilic-on-canvas,janela
23438,acrilic-on-canvas,do
23439,acrilic-on-canvas,seu
23440,acrilic-on-canvas,quarto
23441,acrilic-on-canvas,Do
23442,acrilic-on-canvas,portão
23443,acrilic-on-canvas,da
23444,acrilic-on-canvas,sua
23445,acrilic-on-canvas,casa
23446,acrilic-on-canvas,Fiz
23447,acrilic-on-canvas,paleta
23448,acrilic-on-canvas,e
23449,acrilic-on-canvas,cavalete
23450,acrilic-on-canvas,E
23451,acrilic-on-canvas,com
23452,acrilic-on-canvas,lágrimas
23453,acrilic-on-canvas,que
23454,acrilic-on-canvas,não
23455,acrilic-on-canvas,brincaram
23456,acrilic-on-canvas,com
23457,acrilic-on-canvas,você
23458,acrilic-on-canvas,Destilei
23459,acrilic-on-canvas,óleo
23460,acrilic-on-canvas,de
23461,acrilic-on-canvas,linhaça
23462,acrilic-on-canvas,Da
23463,acrilic-on-canvas,sua
23464,acrilic-on-canvas,cama
23465,acrilic-on-canvas,arranquei
23466,acrilic-on-canvas,pedaços
23467,acrilic-on-canvas,Que
23468,acrilic-on-canvas,talhei
23469,acrilic-on-canvas,em
23470,acrilic-on-canvas,estiletes
23471,acrilic-on-canvas,de
23472,acrilic-on-canvas,tamanhos
23473,acrilic-on-canvas,diferentes
23474,acrilic-on-canvas,E
23475,acrilic-on-canvas,"fiz,"
23476,acrilic-on-canvas,então
23477,acrilic-on-canvas,Pincéis
23478,acrilic-on-canvas,com
23479,acrilic-on-canvas,seus
23480,acrilic-on-canvas,cabelos
23481,acrilic-on-canvas,Fiz
23482,acrilic-on-canvas,carvão
23483,acrilic-on-canvas,do
23484,acrilic-on-canvas,batom
23485,acrilic-on-canvas,que
23486,acrilic-on-canvas,roubei
23487,acrilic-on-canvas,de
23488,acrilic-on-canvas,você
23489,acrilic-on-canvas,E
23490,acrilic-on-canvas,com
23491,acrilic-on-canvas,ele
23492,acrilic-on-canvas,marquei
23493,acrilic-on-canvas,Dois
23494,acrilic-on-canvas,pontos
23495,acrilic-on-canvas,de
23496,acrilic-on-canvas,fuga
23497,acrilic-on-canvas,E
23498,acrilic-on-canvas,rabisquei
23499,acrilic-on-canvas,meu
23500,acrilic-on-canvas,horizonte
23501,acrilic-on-canvas,Eu
23502,acrilic-on-canvas,juro
23503,acrilic-on-canvas,que
23504,acrilic-on-canvas,não
23505,acrilic-on-canvas,foi
23506,acrilic-on-canvas,por
23507,acrilic-on-canvas,"mal,"
23508,acrilic-on-canvas,eu
23509,acrilic-on-canvas,não
23510,acrilic-on-canvas,queria
23511,acrilic-on-canvas,machucar
23512,acrilic-on-canvas,você
23513,acrilic-on-canvas,Prometo
23514,acrilic-on-canvas,que
23515,acrilic-on-canvas,isso
23516,acrilic-on-canvas,nunca
23517,acrilic-on-canvas,vai
23518,acrilic-on-canvas,acontecer
23519,acrilic-on-canvas,mais
23520,acrilic-on-canvas,uma
23521,acrilic-on-canvas,vez
23522,acrilic-on-canvas,E
23523,acrilic-on-canvas,era
23524,acrilic-on-canvas,"sempre,"
23525,acrilic-on-canvas,sempre
23526,acrilic-on-canvas,o
23527,acrilic-on-canvas,mesmo
23528,acrilic-on-canvas,novamente
23529,acrilic-on-canvas,A
23530,acrilic-on-canvas,mesma
23531,acrilic-on-canvas,traição
23532,acrilic-on-canvas,Sinto
23533,acrilic-on-canvas,"muito,"
23534,acrilic-on-canvas,ela
23535,acrilic-on-canvas,não
23536,acrilic-on-canvas,mora
23537,acrilic-on-canvas,mais
23538,acrilic-on-canvas,aqui
23539,acrilic-on-canvas,Que
23540,acrilic-on-canvas,acredito
23541,acrilic-on-canvas,no
23542,acrilic-on-canvas,que
23543,acrilic-on-canvas,invento?
23544,acrilic-on-canvas,Nada
23545,acrilic-on-canvas,disso
23546,acrilic-on-canvas,aconteceu
23547,acrilic-on-canvas,assim
23548,acrilic-on-canvas,Não
23549,acrilic-on-canvas,foi
23550,acrilic-on-canvas,desse
23551,acrilic-on-canvas,jeito
23552,acrilic-on-canvas,Ninguém
23553,acrilic-on-canvas,sofreu
23554,acrilic-on-canvas,É
23555,acrilic-on-canvas,só
23556,acrilic-on-canvas,você
23557,acrilic-on-canvas,Que
23558,acrilic-on-canvas,me
23559,acrilic-on-canvas,provoca
23560,acrilic-on-canvas,essa
23561,acrilic-on-canvas,saudade
23562,acrilic-on-canvas,vazia
23563,acrilic-on-canvas,Tentando
23564,acrilic-on-canvas,pintar
23565,acrilic-on-canvas,essas
23566,acrilic-on-canvas,flores
23567,acrilic-on-canvas,com
23568,acrilic-on-canvas,o
23569,acrilic-on-canvas,nome
23570,acrilic-on-canvas,De
23571,acrilic-on-canvas,amor-perfeito
23572,acrilic-on-canvas,E
23573,acrilic-on-canvas,não-te-esqueças-de-mim
23574,acrilic-on-canvas,None
24284,aloha,O
24285,aloha,caos
24286,aloha,em
24287,aloha,que
24288,aloha,vivemos?
24289,aloha,Os
24290,aloha,jovens
24291,aloha,são
24292,aloha,tão
24293,aloha,jovens
24294,aloha,E
24295,aloha,fica
24296,aloha,tudo
24297,aloha,por
24298,aloha,isso
24299,aloha,mesmo
24300,aloha,A
24301,aloha,juventude
24302,aloha,é
24303,aloha,"rica,"
24304,aloha,a
24305,aloha,juventude
24306,aloha,é
24307,aloha,pobre
24308,aloha,A
24309,aloha,juventude
24310,aloha,sofre
24311,aloha,e
24312,aloha,ninguém
24313,aloha,parece
24314,aloha,perceber
24315,aloha,Eu
24316,aloha,tenho
24317,aloha,um
24318,aloha,coração
24319,aloha,Eu
24320,aloha,tenho
24321,aloha,ideais
24322,aloha,Eu
24323,aloha,gosto
24324,aloha,de
24325,aloha,cinema
24326,aloha,E
24327,aloha,de
24328,aloha,coisas
24329,aloha,naturais
24330,aloha,E
24331,aloha,penso
24332,aloha,sempre
24333,aloha,em
24334,aloha,"sexo,"
24335,aloha,oh
24336,aloha,yeah!
24337,aloha,Todo
24338,aloha,adulto
24339,aloha,tem
24340,aloha,inveja
24341,aloha,dos
24342,aloha,mais
24343,aloha,jovens
24344,aloha,Não
24345,aloha,há
24346,aloha,ninguém
24347,aloha,para
24348,aloha,ajudar
24349,aloha,A
24350,aloha,explicar
24351,aloha,por
24352,aloha,que
24353,aloha,é
24354,aloha,que
24355,aloha,o
24356,aloha,mundo
24357,aloha,É
24358,aloha,este
24359,aloha,desastre
24360,aloha,que
24361,aloha,aí
24362,aloha,está
24363,aloha,Eu
24364,aloha,não
24365,aloha,"sei,"
24366,aloha,eu
24367,aloha,não
24368,aloha,sei
24369,aloha,Dizem
24370,aloha,que
24371,aloha,eu
24372,aloha,não
24373,aloha,tenho
24374,aloha,opinião
24375,aloha,Me
24376,aloha,"compram,"
24377,aloha,me
24378,aloha,"vendem,"
24379,aloha,me
24380,aloha,estragam
24381,aloha,E
24382,aloha,é
24383,aloha,tudo
24384,aloha,"mentira,"
24385,aloha,me
24386,aloha,deixam
24387,aloha,na
24388,aloha,mão
24389,aloha,Não
24390,aloha,me
24391,aloha,deixam
24392,aloha,fazer
24393,aloha,nada
24394,aloha,E
24395,aloha,a
24396,aloha,culpa
24397,aloha,é
24398,aloha,sempre
24399,aloha,"minha,"
24400,aloha,oh
24401,aloha,yeah!
24402,aloha,De
24403,aloha,quem
24404,aloha,fala
24405,aloha,o
24406,aloha,que
24407,aloha,sentiu
24408,aloha,De
24409,aloha,quem
24410,aloha,pensa
24411,aloha,diferente
24412,aloha,Nos
24413,aloha,querem
24414,aloha,todos
24415,aloha,iguais
24416,aloha,Assim
24417,aloha,é
24418,aloha,bem
24419,aloha,mais
24420,aloha,fácil
24421,aloha,nos
24422,aloha,controlar
24423,aloha,E
24424,aloha,"mentir,"
24425,aloha,"mentir,"
24426,aloha,mentir
24427,aloha,E
24428,aloha,"matar,"
24429,aloha,"matar,"
24430,aloha,matar
24431,aloha,O
24432,aloha,que
24433,aloha,eu
24434,aloha,tenho
24435,aloha,de
24436,aloha,melhor:
24437,aloha,minha
24438,aloha,esperança
24439,aloha,Que
24440,aloha,cresçam
24441,aloha,logo
24442,aloha,as
24443,aloha,crianças
24444,aloha,None
25218,andrea-doria,Em
25219,andrea-doria,tudo
25220,andrea-doria,que
25221,andrea-doria,achávamos
25222,andrea-doria,tão
25223,andrea-doria,certo
25224,andrea-doria,Teríamos
25225,andrea-doria,o
25226,andrea-doria,mundo
25227,andrea-doria,inteiro
25228,andrea-doria,e
25229,andrea-doria,até
25230,andrea-doria,um
25231,andrea-doria,pouco
25232,andrea-doria,mais
25233,andrea-doria,Faríamos
25234,andrea-doria,floresta
25235,andrea-doria,do
25236,andrea-doria,deserto
25237,andrea-doria,E
25238,andrea-doria,diamantes
25239,andrea-doria,de
25240,andrea-doria,pedaços
25241,andrea-doria,de
25242,andrea-doria,vidro
25243,andrea-doria,É
25244,andrea-doria,indiferente
25245,andrea-doria,Quase
25246,andrea-doria,parecendo
25247,andrea-doria,te
25248,andrea-doria,ferir
25249,andrea-doria,Quero
25250,andrea-doria,a
25251,andrea-doria,tua
25252,andrea-doria,força
25253,andrea-doria,como
25254,andrea-doria,era
25255,andrea-doria,antes
25256,andrea-doria,O
25257,andrea-doria,que
25258,andrea-doria,tens
25259,andrea-doria,é
25260,andrea-doria,só
25261,andrea-doria,teu
25262,andrea-doria,E
25263,andrea-doria,de
25264,andrea-doria,nada
25265,andrea-doria,vale
25266,andrea-doria,fugir
25267,andrea-doria,e
25268,andrea-doria,não
25269,andrea-doria,sentir
25270,andrea-doria,mais
25271,andrea-doria,nada
25272,andrea-doria,E
25273,andrea-doria,o
25274,andrea-doria,"mundo,"
25275,andrea-doria,"então,"
25276,andrea-doria,seria
25277,andrea-doria,um
25278,andrea-doria,livro
25279,andrea-doria,aberto
25280,andrea-doria,Até
25281,andrea-doria,chegar
25282,andrea-doria,o
25283,andrea-doria,dia
25284,andrea-doria,em
25285,andrea-doria,que
25286,andrea-doria,tentamos
25287,andrea-doria,ter
25288,andrea-doria,demais
25289,andrea-doria,Vendendo
25290,andrea-doria,fácil
25291,andrea-doria,o
25292,andrea-doria,que
25293,andrea-doria,não
25294,andrea-doria,tinha
25295,andrea-doria,preço
25296,andrea-doria,Eu
25297,andrea-doria,"sei,"
25298,andrea-doria,é
25299,andrea-doria,tudo
25300,andrea-doria,sem
25301,andrea-doria,sentido
25302,andrea-doria,Alguém
25303,andrea-doria,que
25304,andrea-doria,depois
25305,andrea-doria,Não
25306,andrea-doria,use
25307,andrea-doria,o
25308,andrea-doria,que
25309,andrea-doria,eu
25310,andrea-doria,disse
25311,andrea-doria,contra
25312,andrea-doria,mim
25313,andrea-doria,Com
25314,andrea-doria,a
25315,andrea-doria,estrada
25316,andrea-doria,errada
25317,andrea-doria,que
25318,andrea-doria,eu
25319,andrea-doria,segui
25320,andrea-doria,e
25321,andrea-doria,com
25322,andrea-doria,a
25323,andrea-doria,minha
25324,andrea-doria,própria
25325,andrea-doria,lei
25326,andrea-doria,Tenho
25327,andrea-doria,o
25328,andrea-doria,que
25329,andrea-doria,ficou
25330,andrea-doria,E
25331,andrea-doria,tenho
25332,andrea-doria,sorte
25333,andrea-doria,até
25334,andrea-doria,demais
25335,andrea-doria,como
25336,andrea-doria,sei
25337,andrea-doria,que
25338,andrea-doria,tens
25339,andrea-doria,também
25340,andrea-doria,None
26152,angra-dos-reis,"Quente,"
26153,angra-dos-reis,deita
26154,angra-dos-reis,aqui
26155,angra-dos-reis,perto
26156,angra-dos-reis,de
26157,angra-dos-reis,mim
26158,angra-dos-reis,Tem
26159,angra-dos-reis,dias
26160,angra-dos-reis,que
26161,angra-dos-reis,tudo
26162,angra-dos-reis,está
26163,angra-dos-reis,em
26164,angra-dos-reis,paz
26165,angra-dos-reis,E
26166,angra-dos-reis,agora
26167,angra-dos-reis,os
26168,angra-dos-reis,dias
26169,angra-dos-reis,são
26170,angra-dos-reis,iguais
26171,angra-dos-reis,Mas
26172,angra-dos-reis,tem
26173,angra-dos-reis,sempre
26174,angra-dos-reis,algo
26175,angra-dos-reis,mais
26176,angra-dos-reis,Seja
26177,angra-dos-reis,como
26178,angra-dos-reis,for
26179,angra-dos-reis,É
26180,angra-dos-reis,uma
26181,angra-dos-reis,dor
26182,angra-dos-reis,que
26183,angra-dos-reis,dói
26184,angra-dos-reis,no
26185,angra-dos-reis,peito
26186,angra-dos-reis,Pode
26187,angra-dos-reis,rir
26188,angra-dos-reis,agora
26189,angra-dos-reis,Que
26190,angra-dos-reis,estou
26191,angra-dos-reis,sozinho
26192,angra-dos-reis,Mas
26193,angra-dos-reis,não
26194,angra-dos-reis,venha
26195,angra-dos-reis,me
26196,angra-dos-reis,roubar
26197,angra-dos-reis,Perto
26198,angra-dos-reis,da
26199,angra-dos-reis,usina
26200,angra-dos-reis,Deixa
26201,angra-dos-reis,pra
26202,angra-dos-reis,lá
26203,angra-dos-reis,A
26204,angra-dos-reis,Angra
26205,angra-dos-reis,é
26206,angra-dos-reis,dos
26207,angra-dos-reis,Reis
26208,angra-dos-reis,Por
26209,angra-dos-reis,que
26210,angra-dos-reis,se
26211,angra-dos-reis,explicar
26212,angra-dos-reis,Se
26213,angra-dos-reis,não
26214,angra-dos-reis,existe
26215,angra-dos-reis,perigo
26216,angra-dos-reis,Batendo
26217,angra-dos-reis,à
26218,angra-dos-reis,toa
26219,angra-dos-reis,e
26220,angra-dos-reis,isso
26221,angra-dos-reis,dói
26222,angra-dos-reis,Seja
26223,angra-dos-reis,como
26224,angra-dos-reis,for
26225,angra-dos-reis,É
26226,angra-dos-reis,uma
26227,angra-dos-reis,dor
26228,angra-dos-reis,que
26229,angra-dos-reis,dói
26230,angra-dos-reis,no
26231,angra-dos-reis,peito
26232,angra-dos-reis,Pode
26233,angra-dos-reis,rir
26234,angra-dos-reis,agora
26235,angra-dos-reis,Que
26236,angra-dos-reis,estou
26237,angra-dos-reis,sozinho
26238,angra-dos-reis,Mas
26239,angra-dos-reis,não
26240,angra-dos-reis,venha
26241,angra-dos-reis,me
26242,angra-dos-reis,roubar
26243,angra-dos-reis,Vai
26244,angra-dos-reis,ver
26245,angra-dos-reis,que
26246,angra-dos-reis,já
26247,angra-dos-reis,não
26248,angra-dos-reis,sei
26249,angra-dos-reis,quem
26250,angra-dos-reis,sou
26251,angra-dos-reis,Vai
26252,angra-dos-reis,ver
26253,angra-dos-reis,que
26254,angra-dos-reis,nunca
26255,angra-dos-reis,fui
26256,angra-dos-reis,o
26257,angra-dos-reis,mesmo
26258,angra-dos-reis,A
26259,angra-dos-reis,culpa
26260,angra-dos-reis,é
26261,angra-dos-reis,toda
26262,angra-dos-reis,sua
26263,angra-dos-reis,e
26264,angra-dos-reis,nunca
26265,angra-dos-reis,foi
26266,angra-dos-reis,E
26267,angra-dos-reis,a
26268,angra-dos-reis,luz
26269,angra-dos-reis,queimasse
26270,angra-dos-reis,tudo
26271,angra-dos-reis,ao
26272,angra-dos-reis,redor
26273,angra-dos-reis,E
26274,angra-dos-reis,fosse
26275,angra-dos-reis,o
26276,angra-dos-reis,fim
26277,angra-dos-reis,chegando
26278,angra-dos-reis,cedo
26279,angra-dos-reis,Você
26280,angra-dos-reis,visse
26281,angra-dos-reis,o
26282,angra-dos-reis,nosso
26283,angra-dos-reis,corpo
26284,angra-dos-reis,em
26285,angra-dos-reis,chamas
26286,angra-dos-reis,Me
26287,angra-dos-reis,"diz,"
26288,angra-dos-reis,me
26289,angra-dos-reis,"diz,"
26290,angra-dos-reis,pra
26291,angra-dos-reis,onde
26292,angra-dos-reis,é
26293,angra-dos-reis,que
26294,angra-dos-reis,a
26295,angra-dos-reis,gente
26296,angra-dos-reis,vai
26297,angra-dos-reis,fugir?
26298,angra-dos-reis,None
27086,antes-das-seis,Me
27087,antes-das-seis,"explica,"
27088,antes-das-seis,por
27089,antes-das-seis,favor
27090,antes-das-seis,Quem
27091,antes-das-seis,inventou
27092,antes-das-seis,o
27093,antes-das-seis,amor?
27094,antes-das-seis,Me
27095,antes-das-seis,"explica,"
27096,antes-das-seis,por
27097,antes-das-seis,favor
27098,antes-das-seis,Faz
27099,antes-das-seis,de
27100,antes-das-seis,conta
27101,antes-das-seis,que
27102,antes-das-seis,passou
27103,antes-das-seis,Quem
27104,antes-das-seis,inventou
27105,antes-das-seis,o
27106,antes-das-seis,amor?
27107,antes-das-seis,Me
27108,antes-das-seis,"explica,"
27109,antes-das-seis,por
27110,antes-das-seis,favor
27111,antes-das-seis,Perto
27112,antes-das-seis,do
27113,antes-das-seis,seu
27114,antes-das-seis,travesseiro
27115,antes-das-seis,Depois
27116,antes-das-seis,quero
27117,antes-das-seis,ver
27118,antes-das-seis,se
27119,antes-das-seis,acerto
27120,antes-das-seis,Dos
27121,antes-das-seis,dois
27122,antes-das-seis,quem
27123,antes-das-seis,acorda
27124,antes-das-seis,primeiro
27125,antes-das-seis,Me
27126,antes-das-seis,"explica,"
27127,antes-das-seis,por
27128,antes-das-seis,favor
27129,antes-das-seis,Quem
27130,antes-das-seis,inventou
27131,antes-das-seis,o
27132,antes-das-seis,amor?
27133,antes-das-seis,Me
27134,antes-das-seis,"explica,"
27135,antes-das-seis,por
27136,antes-das-seis,favor
27137,antes-das-seis,Você
27138,antes-das-seis,procura
27139,antes-das-seis,achar
27140,antes-das-seis,alguém
27141,antes-das-seis,Que
27142,antes-das-seis,um
27143,antes-das-seis,dia
27144,antes-das-seis,possa
27145,antes-das-seis,lhe
27146,antes-das-seis,dizer
27147,antes-das-seis,"""Quero"
27148,antes-das-seis,ficar
27149,antes-das-seis,só
27150,antes-das-seis,com
27151,antes-das-seis,"você"""
27152,antes-das-seis,None
28020,anuncio-de-refrigerente,Olhando
28021,anuncio-de-refrigerente,as
28022,anuncio-de-refrigerente,meninas
28023,anuncio-de-refrigerente,que
28024,anuncio-de-refrigerente,passam
28025,anuncio-de-refrigerente,Matando
28026,anuncio-de-refrigerente,o
28027,anuncio-de-refrigerente,"tempo,"
28028,anuncio-de-refrigerente,procurando
28029,anuncio-de-refrigerente,uma
28030,anuncio-de-refrigerente,briga
28031,anuncio-de-refrigerente,Sem
28032,anuncio-de-refrigerente,ter
28033,anuncio-de-refrigerente,dinheiro
28034,anuncio-de-refrigerente,nem
28035,anuncio-de-refrigerente,pra
28036,anuncio-de-refrigerente,um
28037,anuncio-de-refrigerente,Guaraná
28038,anuncio-de-refrigerente,Contar
28039,anuncio-de-refrigerente,os
28040,anuncio-de-refrigerente,"pobres,"
28041,anuncio-de-refrigerente,e
28042,anuncio-de-refrigerente,os
28043,anuncio-de-refrigerente,recos
28044,anuncio-de-refrigerente,e
28045,anuncio-de-refrigerente,os
28046,anuncio-de-refrigerente,ladrões.
28047,anuncio-de-refrigerente,Com
28048,anuncio-de-refrigerente,muita
28049,anuncio-de-refrigerente,coisa
28050,anuncio-de-refrigerente,na
28051,anuncio-de-refrigerente,"cabeça,"
28052,anuncio-de-refrigerente,mas
28053,anuncio-de-refrigerente,no
28054,anuncio-de-refrigerente,bolso
28055,anuncio-de-refrigerente,nada
28056,anuncio-de-refrigerente,Sempre
28057,anuncio-de-refrigerente,com
28058,anuncio-de-refrigerente,medo
28059,anuncio-de-refrigerente,dos
28060,anuncio-de-refrigerente,"PMs,"
28061,anuncio-de-refrigerente,E
28062,anuncio-de-refrigerente,todos
28063,anuncio-de-refrigerente,se
28064,anuncio-de-refrigerente,agitam
28065,anuncio-de-refrigerente,Sempre
28066,anuncio-de-refrigerente,à
28067,anuncio-de-refrigerente,procura
28068,anuncio-de-refrigerente,de
28069,anuncio-de-refrigerente,uma
28070,anuncio-de-refrigerente,festa
28071,anuncio-de-refrigerente,Os
28072,anuncio-de-refrigerente,carros
28073,anuncio-de-refrigerente,rodam
28074,anuncio-de-refrigerente,enquanto
28075,anuncio-de-refrigerente,se
28076,anuncio-de-refrigerente,tem
28077,anuncio-de-refrigerente,gasolina
28078,anuncio-de-refrigerente,Sujeira
28079,anuncio-de-refrigerente,quando
28080,anuncio-de-refrigerente,a
28081,anuncio-de-refrigerente,sua
28082,anuncio-de-refrigerente,turma
28083,anuncio-de-refrigerente,é
28084,anuncio-de-refrigerente,menor
28085,anuncio-de-refrigerente,de
28086,anuncio-de-refrigerente,idade
28087,anuncio-de-refrigerente,Não
28088,anuncio-de-refrigerente,podem
28089,anuncio-de-refrigerente,ir
28090,anuncio-de-refrigerente,Pro
28091,anuncio-de-refrigerente,mesmo
28092,anuncio-de-refrigerente,lado
28093,anuncio-de-refrigerente,que
28094,anuncio-de-refrigerente,você
28095,anuncio-de-refrigerente,Aos
28096,anuncio-de-refrigerente,Anúncios
28097,anuncio-de-refrigerente,de
28098,anuncio-de-refrigerente,Refrigerante.
28099,anuncio-de-refrigerente,None
28954,as-flores-do-mal,Você
28955,as-flores-do-mal,não
28956,as-flores-do-mal,viu
28957,as-flores-do-mal,e
28958,as-flores-do-mal,eu
28959,as-flores-do-mal,não
28960,as-flores-do-mal,senti
28961,as-flores-do-mal,Não
28962,as-flores-do-mal,"acredito,"
28963,as-flores-do-mal,nem
28964,as-flores-do-mal,vou
28965,as-flores-do-mal,julgar
28966,as-flores-do-mal,Você
28967,as-flores-do-mal,"sorriu,"
28968,as-flores-do-mal,ficou
28969,as-flores-do-mal,e
28970,as-flores-do-mal,quis
28971,as-flores-do-mal,me
28972,as-flores-do-mal,provocar
28973,as-flores-do-mal,Mas
28974,as-flores-do-mal,não
28975,as-flores-do-mal,é
28976,as-flores-do-mal,bem
28977,as-flores-do-mal,assim
28978,as-flores-do-mal,que
28979,as-flores-do-mal,as
28980,as-flores-do-mal,coisas
28981,as-flores-do-mal,são
28982,as-flores-do-mal,Seu
28983,as-flores-do-mal,interesse
28984,as-flores-do-mal,é
28985,as-flores-do-mal,só
28986,as-flores-do-mal,traição
28987,as-flores-do-mal,Mentir
28988,as-flores-do-mal,é
28989,as-flores-do-mal,fácil
28990,as-flores-do-mal,demais
28991,as-flores-do-mal,Mentir
28992,as-flores-do-mal,é
28993,as-flores-do-mal,fácil
28994,as-flores-do-mal,demais
28995,as-flores-do-mal,Mentir
28996,as-flores-do-mal,é
28997,as-flores-do-mal,fácil
28998,as-flores-do-mal,demais
28999,as-flores-do-mal,Tão
29000,as-flores-do-mal,decadente
29001,as-flores-do-mal,e
29002,as-flores-do-mal,tanto
29003,as-flores-do-mal,faz
29004,as-flores-do-mal,Quais
29005,as-flores-do-mal,são
29006,as-flores-do-mal,as
29007,as-flores-do-mal,regras?
29008,as-flores-do-mal,O
29009,as-flores-do-mal,que
29010,as-flores-do-mal,ficou?
29011,as-flores-do-mal,O
29012,as-flores-do-mal,seu
29013,as-flores-do-mal,"cinismo,"
29014,as-flores-do-mal,essa
29015,as-flores-do-mal,sedução
29016,as-flores-do-mal,Vê
29017,as-flores-do-mal,se
29018,as-flores-do-mal,alguém
29019,as-flores-do-mal,lhe
29020,as-flores-do-mal,quer
29021,as-flores-do-mal,O
29022,as-flores-do-mal,que
29023,as-flores-do-mal,ficou
29024,as-flores-do-mal,é
29025,as-flores-do-mal,esse
29026,as-flores-do-mal,modelito
29027,as-flores-do-mal,da
29028,as-flores-do-mal,estação
29029,as-flores-do-mal,passada
29030,as-flores-do-mal,Todos
29031,as-flores-do-mal,já
29032,as-flores-do-mal,sabem
29033,as-flores-do-mal,o
29034,as-flores-do-mal,que
29035,as-flores-do-mal,você
29036,as-flores-do-mal,faz
29037,as-flores-do-mal,Teu
29038,as-flores-do-mal,perfume
29039,as-flores-do-mal,"barato,"
29040,as-flores-do-mal,teus
29041,as-flores-do-mal,truques
29042,as-flores-do-mal,banais
29043,as-flores-do-mal,Você
29044,as-flores-do-mal,acabou
29045,as-flores-do-mal,ficando
29046,as-flores-do-mal,pra
29047,as-flores-do-mal,trás
29048,as-flores-do-mal,Mentir
29049,as-flores-do-mal,é
29050,as-flores-do-mal,fácil
29051,as-flores-do-mal,demais
29052,as-flores-do-mal,Mentir
29053,as-flores-do-mal,é
29054,as-flores-do-mal,fácil
29055,as-flores-do-mal,demais
29056,as-flores-do-mal,Mentir
29057,as-flores-do-mal,é
29058,as-flores-do-mal,fácil
29059,as-flores-do-mal,demais
29060,as-flores-do-mal,E
29061,as-flores-do-mal,vê
29062,as-flores-do-mal,se
29063,as-flores-do-mal,alguém
29064,as-flores-do-mal,lhe
29065,as-flores-do-mal,quer
29066,as-flores-do-mal,None
29888,baader-meinhof-blues,E
29889,baader-meinhof-blues,nossas
29890,baader-meinhof-blues,vidas
29891,baader-meinhof-blues,são
29892,baader-meinhof-blues,tão
29893,baader-meinhof-blues,normais
29894,baader-meinhof-blues,E
29895,baader-meinhof-blues,você
29896,baader-meinhof-blues,passa
29897,baader-meinhof-blues,de
29898,baader-meinhof-blues,noite
29899,baader-meinhof-blues,e
29900,baader-meinhof-blues,sempre
29901,baader-meinhof-blues,vê
29902,baader-meinhof-blues,Apartamentos
29903,baader-meinhof-blues,acesos
29904,baader-meinhof-blues,Mas
29905,baader-meinhof-blues,você
29906,baader-meinhof-blues,viu
29907,baader-meinhof-blues,esse
29908,baader-meinhof-blues,filme
29909,baader-meinhof-blues,também
29910,baader-meinhof-blues,Pensei
29911,baader-meinhof-blues,que
29912,baader-meinhof-blues,podia
29913,baader-meinhof-blues,ouvir
29914,baader-meinhof-blues,Alguém
29915,baader-meinhof-blues,me
29916,baader-meinhof-blues,chamando
29917,baader-meinhof-blues,Dizendo
29918,baader-meinhof-blues,meu
29919,baader-meinhof-blues,nome
29920,baader-meinhof-blues,Meu
29921,baader-meinhof-blues,corpo
29922,baader-meinhof-blues,é
29923,baader-meinhof-blues,quente
29924,baader-meinhof-blues,e
29925,baader-meinhof-blues,estou
29926,baader-meinhof-blues,sentindo
29927,baader-meinhof-blues,frio
29928,baader-meinhof-blues,Todo
29929,baader-meinhof-blues,mundo
29930,baader-meinhof-blues,sabe
29931,baader-meinhof-blues,e
29932,baader-meinhof-blues,ninguém
29933,baader-meinhof-blues,quer
29934,baader-meinhof-blues,mais
29935,baader-meinhof-blues,saber
29936,baader-meinhof-blues,"Afinal,"
29937,baader-meinhof-blues,amar
29938,baader-meinhof-blues,o
29939,baader-meinhof-blues,próximo
29940,baader-meinhof-blues,é
29941,baader-meinhof-blues,tão
29942,baader-meinhof-blues,démodé
29943,baader-meinhof-blues,Desafinada
29944,baader-meinhof-blues,É
29945,baader-meinhof-blues,tão
29946,baader-meinhof-blues,humana
29947,baader-meinhof-blues,E
29948,baader-meinhof-blues,tão
29949,baader-meinhof-blues,errada
29950,baader-meinhof-blues,Qual
29951,baader-meinhof-blues,é
29952,baader-meinhof-blues,a
29953,baader-meinhof-blues,diferença?
29954,baader-meinhof-blues,Pra
29955,baader-meinhof-blues,seu
29956,baader-meinhof-blues,"governo,"
29957,baader-meinhof-blues,o
29958,baader-meinhof-blues,meu
29959,baader-meinhof-blues,estado
29960,baader-meinhof-blues,É
29961,baader-meinhof-blues,independente
29962,baader-meinhof-blues,Oh
29963,baader-meinhof-blues,oh
29964,baader-meinhof-blues,oh
29965,baader-meinhof-blues,Meu
29966,baader-meinhof-blues,corpo
29967,baader-meinhof-blues,é
29968,baader-meinhof-blues,quente
29969,baader-meinhof-blues,e
29970,baader-meinhof-blues,estou
29971,baader-meinhof-blues,sentindo
29972,baader-meinhof-blues,frio
29973,baader-meinhof-blues,Todo
29974,baader-meinhof-blues,mundo
29975,baader-meinhof-blues,sabe
29976,baader-meinhof-blues,e
29977,baader-meinhof-blues,ninguém
29978,baader-meinhof-blues,quer
29979,baader-meinhof-blues,mais
29980,baader-meinhof-blues,saber
29981,baader-meinhof-blues,"Afinal,"
29982,baader-meinhof-blues,amar
29983,baader-meinhof-blues,o
29984,baader-meinhof-blues,próximo
29985,baader-meinhof-blues,é
29986,baader-meinhof-blues,tão
29987,baader-meinhof-blues,démodé
29988,baader-meinhof-blues,None
30822,boomerang-blues,Um
30823,boomerang-blues,dia
30824,boomerang-blues,volta
30825,boomerang-blues,pra
30826,boomerang-blues,você
30827,boomerang-blues,Tudo
30828,boomerang-blues,o
30829,boomerang-blues,que
30830,boomerang-blues,você
30831,boomerang-blues,faz
30832,boomerang-blues,Um
30833,boomerang-blues,dia
30834,boomerang-blues,volta
30835,boomerang-blues,pra
30836,boomerang-blues,você
30837,boomerang-blues,E
30838,boomerang-blues,se
30839,boomerang-blues,você
30840,boomerang-blues,fizer
30841,boomerang-blues,o
30842,boomerang-blues,mal
30843,boomerang-blues,Com
30844,boomerang-blues,o
30845,boomerang-blues,mal
30846,boomerang-blues,mais
30847,boomerang-blues,tarde
30848,boomerang-blues,você
30849,boomerang-blues,vai
30850,boomerang-blues,ter
30851,boomerang-blues,de
30852,boomerang-blues,viver
30853,boomerang-blues,Sua
30854,boomerang-blues,crise
30855,boomerang-blues,existencial
30856,boomerang-blues,Preliminares
30857,boomerang-blues,não
30858,boomerang-blues,me
30859,boomerang-blues,atingem
30860,boomerang-blues,O
30861,boomerang-blues,que
30862,boomerang-blues,interessa
30863,boomerang-blues,é
30864,boomerang-blues,o
30865,boomerang-blues,final
30866,boomerang-blues,E
30867,boomerang-blues,não
30868,boomerang-blues,me
30869,boomerang-blues,venha
30870,boomerang-blues,com
30871,boomerang-blues,problemas
30872,boomerang-blues,Sinta
30873,boomerang-blues,sozinho
30874,boomerang-blues,o
30875,boomerang-blues,seu
30876,boomerang-blues,mal
30877,boomerang-blues,E
30878,boomerang-blues,você
30879,boomerang-blues,só
30880,boomerang-blues,me
30881,boomerang-blues,usou
30882,boomerang-blues,Eu
30883,boomerang-blues,tentava
30884,boomerang-blues,ajudar
30885,boomerang-blues,E
30886,boomerang-blues,você
30887,boomerang-blues,só
30888,boomerang-blues,me
30889,boomerang-blues,queimou
30890,boomerang-blues,Mas
30891,boomerang-blues,é
30892,boomerang-blues,errando
30893,boomerang-blues,que
30894,boomerang-blues,se
30895,boomerang-blues,aprende
30896,boomerang-blues,Minha
30897,boomerang-blues,boa
30898,boomerang-blues,vontade
30899,boomerang-blues,se
30900,boomerang-blues,esgotou
30901,boomerang-blues,Com
30902,boomerang-blues,o
30903,boomerang-blues,boomerang
30904,boomerang-blues,vão
30905,boomerang-blues,caçar
30906,boomerang-blues,O
30907,boomerang-blues,boomerang
30908,boomerang-blues,vai
30909,boomerang-blues,e
30910,boomerang-blues,volta
30911,boomerang-blues,E
30912,boomerang-blues,só
30913,boomerang-blues,fica
30914,boomerang-blues,quando
30915,boomerang-blues,consegue
30916,boomerang-blues,acertar
30917,boomerang-blues,E
30918,boomerang-blues,eu
30919,boomerang-blues,sou
30920,boomerang-blues,como
30921,boomerang-blues,um
30922,boomerang-blues,boomerang
30923,boomerang-blues,Quando
30924,boomerang-blues,eu
30925,boomerang-blues,acerto
30926,boomerang-blues,é
30927,boomerang-blues,pra
30928,boomerang-blues,matar
30929,boomerang-blues,E
30930,boomerang-blues,a
30931,boomerang-blues,ferida
30932,boomerang-blues,que
30933,boomerang-blues,você
30934,boomerang-blues,me
30935,boomerang-blues,fez
30936,boomerang-blues,é
30937,boomerang-blues,em
30938,boomerang-blues,você
30939,boomerang-blues,que
30940,boomerang-blues,vai
30941,boomerang-blues,sangrar
30942,boomerang-blues,Eu
30943,boomerang-blues,tenho
30944,boomerang-blues,cicatrizes
30945,boomerang-blues,Mas
30946,boomerang-blues,eu
30947,boomerang-blues,não
30948,boomerang-blues,me
30949,boomerang-blues,importo
30950,boomerang-blues,não
30951,boomerang-blues,Melhor
30952,boomerang-blues,do
30953,boomerang-blues,que
30954,boomerang-blues,a
30955,boomerang-blues,sua
30956,boomerang-blues,ferida
30957,boomerang-blues,aberta
30958,boomerang-blues,E
30959,boomerang-blues,o
30960,boomerang-blues,sangue
30961,boomerang-blues,ruim
30962,boomerang-blues,do
30963,boomerang-blues,seu
30964,boomerang-blues,coração
30965,boomerang-blues,Dentro
30966,boomerang-blues,da
30967,boomerang-blues,sua
30968,boomerang-blues,teia
30969,boomerang-blues,e
30970,boomerang-blues,não
30971,boomerang-blues,tentei
30972,boomerang-blues,fugir
30973,boomerang-blues,Me
30974,boomerang-blues,sinto
30975,boomerang-blues,mal
30976,boomerang-blues,lembrando
30977,boomerang-blues,o
30978,boomerang-blues,que
30979,boomerang-blues,aconteceu
30980,boomerang-blues,Você
30981,boomerang-blues,tentou
30982,boomerang-blues,roubar
30983,boomerang-blues,Mas
30984,boomerang-blues,o
30985,boomerang-blues,boomerang
30986,boomerang-blues,agora
30987,boomerang-blues,é
30988,boomerang-blues,meu
30989,boomerang-blues,None
32690,central-do-brasil,None
33624,clarisse,Incompreendido
33625,clarisse,e
33626,clarisse,descartado
33627,clarisse,Quem
33628,clarisse,diz
33629,clarisse,que
33630,clarisse,me
33631,clarisse,entende
33632,clarisse,nunca
33633,clarisse,quis
33634,clarisse,saber
33635,clarisse,Dizem
33636,clarisse,que
33637,clarisse,por
33638,clarisse,falta
33639,clarisse,de
33640,clarisse,atenção
33641,clarisse,dos
33642,clarisse,"amigos,"
33643,clarisse,das
33644,clarisse,lembranças
33645,clarisse,Dos
33646,clarisse,sonhos
33647,clarisse,que
33648,clarisse,se
33649,clarisse,configuram
33650,clarisse,tristes
33651,clarisse,e
33652,clarisse,inertes
33653,clarisse,Como
33654,clarisse,uma
33655,clarisse,ampulheta
33656,clarisse,"imóvel,"
33657,clarisse,não
33658,clarisse,se
33659,clarisse,mexe
33660,clarisse,Não
33661,clarisse,se
33662,clarisse,"move,"
33663,clarisse,não
33664,clarisse,trabalha
33665,clarisse,E
33666,clarisse,faz
33667,clarisse,marcas
33668,clarisse,no
33669,clarisse,seu
33670,clarisse,corpo
33671,clarisse,com
33672,clarisse,seu
33673,clarisse,pequeno
33674,clarisse,canivete
33675,clarisse,Deitada
33676,clarisse,num
33677,clarisse,"canto,"
33678,clarisse,seus
33679,clarisse,tornozelos
33680,clarisse,sangram
33681,clarisse,E
33682,clarisse,a
33683,clarisse,dor
33684,clarisse,é
33685,clarisse,menor
33686,clarisse,do
33687,clarisse,que
33688,clarisse,parece
33689,clarisse,Quando
33690,clarisse,ela
33691,clarisse,se
33692,clarisse,corta
33693,clarisse,ela
33694,clarisse,se
33695,clarisse,esquece
33696,clarisse,Que
33697,clarisse,é
33698,clarisse,impossível
33699,clarisse,ter
33700,clarisse,da
33701,clarisse,vida
33702,clarisse,calma
33703,clarisse,e
33704,clarisse,força
33705,clarisse,Tentar
33706,clarisse,ser
33707,clarisse,forte
33708,clarisse,a
33709,clarisse,todo
33710,clarisse,e
33711,clarisse,cada
33712,clarisse,amanhecer
33713,clarisse,Uma
33714,clarisse,de
33715,clarisse,suas
33716,clarisse,amigas
33717,clarisse,já
33718,clarisse,se
33719,clarisse,foi
33720,clarisse,Quando
33721,clarisse,mais
33722,clarisse,uma
33723,clarisse,ocorrência
33724,clarisse,policial
33725,clarisse,Ninguém
33726,clarisse,me
33727,clarisse,"entende,"
33728,clarisse,não
33729,clarisse,me
33730,clarisse,olhe
33731,clarisse,assim
33732,clarisse,Com
33733,clarisse,este
33734,clarisse,semblante
33735,clarisse,de
33736,clarisse,bom
33737,clarisse,samaritano
33738,clarisse,Cumprindo
33739,clarisse,o
33740,clarisse,seu
33741,clarisse,dever
33742,clarisse,como
33743,clarisse,se
33744,clarisse,eu
33745,clarisse,fosse
33746,clarisse,doente
33747,clarisse,Como
33748,clarisse,se
33749,clarisse,toda
33750,clarisse,essa
33751,clarisse,dor
33752,clarisse,fosse
33753,clarisse,diferente
33754,clarisse,ou
33755,clarisse,inexistente
33756,clarisse,Você
33757,clarisse,não
33758,clarisse,sabe
33759,clarisse,e
33760,clarisse,não
33761,clarisse,entende
33762,clarisse,E
33763,clarisse,os
33764,clarisse,calmantes
33765,clarisse,não
33766,clarisse,fazem
33767,clarisse,mais
33768,clarisse,efeito
33769,clarisse,Clarisse
33770,clarisse,sabe
33771,clarisse,que
33772,clarisse,a
33773,clarisse,loucura
33774,clarisse,está
33775,clarisse,presente
33776,clarisse,E
33777,clarisse,sente
33778,clarisse,a
33779,clarisse,essência
33780,clarisse,estranha
33781,clarisse,do
33782,clarisse,que
33783,clarisse,é
33784,clarisse,a
33785,clarisse,morte
33786,clarisse,Mas
33787,clarisse,esse
33788,clarisse,vazio
33789,clarisse,ela
33790,clarisse,conhece
33791,clarisse,muito
33792,clarisse,bem
33793,clarisse,Mas
33794,clarisse,o
33795,clarisse,mundo
33796,clarisse,continua
33797,clarisse,sempre
33798,clarisse,o
33799,clarisse,mesmo
33800,clarisse,O
33801,clarisse,medo
33802,clarisse,de
33803,clarisse,voltar
33804,clarisse,pra
33805,clarisse,casa
33806,clarisse,à
33807,clarisse,noite
33808,clarisse,Os
33809,clarisse,homens
33810,clarisse,que
33811,clarisse,se
33812,clarisse,esfregam
33813,clarisse,nojentos
33814,clarisse,No
33815,clarisse,caminho
33816,clarisse,de
33817,clarisse,ida
33818,clarisse,e
33819,clarisse,volta
33820,clarisse,da
33821,clarisse,escola
33822,clarisse,A
33823,clarisse,falta
33824,clarisse,de
33825,clarisse,esperança
33826,clarisse,e
33827,clarisse,o
33828,clarisse,tormento
33829,clarisse,De
33830,clarisse,saber
33831,clarisse,que
33832,clarisse,nada
33833,clarisse,é
33834,clarisse,justo
33835,clarisse,e
33836,clarisse,pouco
33837,clarisse,é
33838,clarisse,certo
33839,clarisse,E
33840,clarisse,que
33841,clarisse,estamos
33842,clarisse,destruindo
33843,clarisse,o
33844,clarisse,futuro
33845,clarisse,E
33846,clarisse,que
33847,clarisse,a
33848,clarisse,maldade
33849,clarisse,anda
33850,clarisse,sempre
33851,clarisse,aqui
33852,clarisse,por
33853,clarisse,perto
33854,clarisse,Contra
33855,clarisse,todas
33856,clarisse,as
33857,clarisse,meninas
33858,clarisse,e
33859,clarisse,mulheres
33860,clarisse,Um
33861,clarisse,mundo
33862,clarisse,onde
33863,clarisse,a
33864,clarisse,verdade
33865,clarisse,é
33866,clarisse,o
33867,clarisse,avesso
33868,clarisse,E
33869,clarisse,a
33870,clarisse,alegria
33871,clarisse,já
33872,clarisse,não
33873,clarisse,tem
33874,clarisse,mais
33875,clarisse,endereço
33876,clarisse,Com
33877,clarisse,seus
33878,clarisse,discos
33879,clarisse,e
33880,clarisse,seus
33881,clarisse,"livros,"
33882,clarisse,seu
33883,clarisse,cansaço
33884,clarisse,Eu
33885,clarisse,sou
33886,clarisse,um
33887,clarisse,pássaro
33888,clarisse,Me
33889,clarisse,trancam
33890,clarisse,na
33891,clarisse,gaiola
33892,clarisse,E
33893,clarisse,esperam
33894,clarisse,que
33895,clarisse,eu
33896,clarisse,cante
33897,clarisse,como
33898,clarisse,antes
33899,clarisse,Eu
33900,clarisse,sou
33901,clarisse,um
33902,clarisse,pássaro
33903,clarisse,Me
33904,clarisse,trancam
33905,clarisse,na
33906,clarisse,gaiola
33907,clarisse,Mas
33908,clarisse,um
33909,clarisse,dia
33910,clarisse,eu
33911,clarisse,consigo
33912,clarisse,existir
33913,clarisse,E
33914,clarisse,vou
33915,clarisse,voar
33916,clarisse,pelo
33917,clarisse,caminho
33918,clarisse,mais
33919,clarisse,bonito
33920,clarisse,Clarisse
33921,clarisse,só
33922,clarisse,tem
33923,clarisse,14
33924,clarisse,anos
33925,clarisse,None
35492,come-share-my-life,None
36426,comedia-romantica,Tudo
36427,comedia-romantica,o
36428,comedia-romantica,que
36429,comedia-romantica,você
36430,comedia-romantica,me
36431,comedia-romantica,disse
36432,comedia-romantica,Pelo
36433,comedia-romantica,menos
36434,comedia-romantica,o
36435,comedia-romantica,que
36436,comedia-romantica,lembro
36437,comedia-romantica,que
36438,comedia-romantica,aprendi
36439,comedia-romantica,com
36440,comedia-romantica,você
36441,comedia-romantica,Está
36442,comedia-romantica,realmente
36443,comedia-romantica,certo.
36444,comedia-romantica,Bem
36445,comedia-romantica,mais
36446,comedia-romantica,certo
36447,comedia-romantica,do
36448,comedia-romantica,que
36449,comedia-romantica,eu
36450,comedia-romantica,queria
36451,comedia-romantica,acreditar
36452,comedia-romantica,Você
36453,comedia-romantica,gosta
36454,comedia-romantica,mesmo
36455,comedia-romantica,de
36456,comedia-romantica,mim
36457,comedia-romantica,Se
36458,comedia-romantica,arriscando
36459,comedia-romantica,a
36460,comedia-romantica,me
36461,comedia-romantica,perder
36462,comedia-romantica,assim
36463,comedia-romantica,Ao
36464,comedia-romantica,me
36465,comedia-romantica,explicar
36466,comedia-romantica,o
36467,comedia-romantica,que
36468,comedia-romantica,eu
36469,comedia-romantica,não
36470,comedia-romantica,quero
36471,comedia-romantica,ouvir.
36472,comedia-romantica,Ou
36473,comedia-romantica,não
36474,comedia-romantica,estava
36475,comedia-romantica,até
36476,comedia-romantica,uma
36477,comedia-romantica,estação
36478,comedia-romantica,atrás.
36479,comedia-romantica,Que
36480,comedia-romantica,tudo
36481,comedia-romantica,que
36482,comedia-romantica,você
36483,comedia-romantica,me
36484,comedia-romantica,disse
36485,comedia-romantica,É
36486,comedia-romantica,o
36487,comedia-romantica,que
36488,comedia-romantica,você
36489,comedia-romantica,gostaria
36490,comedia-romantica,que
36491,comedia-romantica,tivessem
36492,comedia-romantica,dito
36493,comedia-romantica,pra
36494,comedia-romantica,você
36495,comedia-romantica,Sou
36496,comedia-romantica,eu
36497,comedia-romantica,mesmo
36498,comedia-romantica,e
36499,comedia-romantica,serei
36500,comedia-romantica,eu
36501,comedia-romantica,mesmo
36502,comedia-romantica,então
36503,comedia-romantica,E
36504,comedia-romantica,não
36505,comedia-romantica,há
36506,comedia-romantica,nada
36507,comedia-romantica,de
36508,comedia-romantica,errado
36509,comedia-romantica,"comigo,"
36510,comedia-romantica,não
36511,comedia-romantica,"Não,"
36512,comedia-romantica,"não,"
36513,comedia-romantica,não
36514,comedia-romantica,Não
36515,comedia-romantica,preciso
36516,comedia-romantica,de
36517,comedia-romantica,"modelos,"
36518,comedia-romantica,Não
36519,comedia-romantica,preciso
36520,comedia-romantica,de
36521,comedia-romantica,heróis
36522,comedia-romantica,Eu
36523,comedia-romantica,tenho
36524,comedia-romantica,meus
36525,comedia-romantica,"amigos,"
36526,comedia-romantica,E
36527,comedia-romantica,quando
36528,comedia-romantica,a
36529,comedia-romantica,vida
36530,comedia-romantica,dói
36531,comedia-romantica,Eu
36532,comedia-romantica,tento
36533,comedia-romantica,me
36534,comedia-romantica,"concentrar,"
36535,comedia-romantica,N'um
36536,comedia-romantica,caminho
36537,comedia-romantica,fácil
36538,comedia-romantica,Sou
36539,comedia-romantica,eu
36540,comedia-romantica,mesmo
36541,comedia-romantica,e
36542,comedia-romantica,serei
36543,comedia-romantica,eu
36544,comedia-romantica,mesmo
36545,comedia-romantica,então
36546,comedia-romantica,E
36547,comedia-romantica,eu
36548,comedia-romantica,queria
36549,comedia-romantica,que
36550,comedia-romantica,o
36551,comedia-romantica,tempo
36552,comedia-romantica,Pudesse
36553,comedia-romantica,voltar
36554,comedia-romantica,dessa
36555,comedia-romantica,vez
36556,comedia-romantica,None
37360,conexao-amazonica,Em
37361,conexao-amazonica,"Freud,"
37362,conexao-amazonica,"Jung,"
37363,conexao-amazonica,"Engels,"
37364,conexao-amazonica,Marx
37365,conexao-amazonica,Intrigas
37366,conexao-amazonica,intelectuais
37367,conexao-amazonica,Rodando
37368,conexao-amazonica,em
37369,conexao-amazonica,mesa
37370,conexao-amazonica,de
37371,conexao-amazonica,bar
37372,conexao-amazonica,"Yeah,"
37373,conexao-amazonica,"yeah,"
37374,conexao-amazonica,yeah
37375,conexao-amazonica,"Yeah,"
37376,conexao-amazonica,"yeah,"
37377,conexao-amazonica,"yeah,"
37378,conexao-amazonica,"yeah,"
37379,conexao-amazonica,yeah
37380,conexao-amazonica,"Yeah,"
37381,conexao-amazonica,"yeah,"
37382,conexao-amazonica,yeah
37383,conexao-amazonica,"Yeah,"
37384,conexao-amazonica,"yeah,"
37385,conexao-amazonica,yeah
37386,conexao-amazonica,"Yeah,"
37387,conexao-amazonica,"yeah,"
37388,conexao-amazonica,"yeah,"
37389,conexao-amazonica,"yeah,"
37390,conexao-amazonica,yeah
37391,conexao-amazonica,O
37392,conexao-amazonica,que
37393,conexao-amazonica,eu
37394,conexao-amazonica,não
37395,conexao-amazonica,tenho
37396,conexao-amazonica,eu
37397,conexao-amazonica,quero
37398,conexao-amazonica,ter
37399,conexao-amazonica,Não
37400,conexao-amazonica,posso
37401,conexao-amazonica,ter
37402,conexao-amazonica,o
37403,conexao-amazonica,que
37404,conexao-amazonica,eu
37405,conexao-amazonica,quero
37406,conexao-amazonica,E
37407,conexao-amazonica,acho
37408,conexao-amazonica,que
37409,conexao-amazonica,isso
37410,conexao-amazonica,não
37411,conexao-amazonica,tem
37412,conexao-amazonica,nada
37413,conexao-amazonica,a
37414,conexao-amazonica,ver
37415,conexao-amazonica,"Yeah,"
37416,conexao-amazonica,"yeah,"
37417,conexao-amazonica,yeah
37418,conexao-amazonica,"Yeah,"
37419,conexao-amazonica,"yeah,"
37420,conexao-amazonica,"yeah,"
37421,conexao-amazonica,"yeah,"
37422,conexao-amazonica,yeah
37423,conexao-amazonica,"Yeah,"
37424,conexao-amazonica,"yeah,"
37425,conexao-amazonica,yeah
37426,conexao-amazonica,"Yeah,"
37427,conexao-amazonica,"yeah,"
37428,conexao-amazonica,yeah
37429,conexao-amazonica,"Yeah,"
37430,conexao-amazonica,"yeah,"
37431,conexao-amazonica,"yeah,"
37432,conexao-amazonica,"yeah,"
37433,conexao-amazonica,yeah
37434,conexao-amazonica,Os
37435,conexao-amazonica,tambores
37436,conexao-amazonica,da
37437,conexao-amazonica,selva
37438,conexao-amazonica,já
37439,conexao-amazonica,começaram
37440,conexao-amazonica,a
37441,conexao-amazonica,rufar
37442,conexao-amazonica,A
37443,conexao-amazonica,cocaína
37444,conexao-amazonica,não
37445,conexao-amazonica,vai
37446,conexao-amazonica,chegar
37447,conexao-amazonica,A
37448,conexao-amazonica,cocaína
37449,conexao-amazonica,não
37450,conexao-amazonica,vai
37451,conexao-amazonica,chegar
37452,conexao-amazonica,Conexão
37453,conexao-amazonica,amazônica
37454,conexao-amazonica,está
37455,conexao-amazonica,interrompida
37456,conexao-amazonica,"Yeah,"
37457,conexao-amazonica,"yeah,"
37458,conexao-amazonica,yeah
37459,conexao-amazonica,"Yeah,"
37460,conexao-amazonica,"yeah,"
37461,conexao-amazonica,"yeah,"
37462,conexao-amazonica,"yeah,"
37463,conexao-amazonica,yeah
37464,conexao-amazonica,"Yeah,"
37465,conexao-amazonica,"yeah,"
37466,conexao-amazonica,yeah
37467,conexao-amazonica,"Yeah,"
37468,conexao-amazonica,"yeah,"
37469,conexao-amazonica,yeah
37470,conexao-amazonica,"Yeah,"
37471,conexao-amazonica,"yeah,"
37472,conexao-amazonica,"yeah,"
37473,conexao-amazonica,"yeah,"
37474,conexao-amazonica,yeah
37475,conexao-amazonica,Mas
37476,conexao-amazonica,alimento
37477,conexao-amazonica,pra
37478,conexao-amazonica,cabeça
37479,conexao-amazonica,nunca
37480,conexao-amazonica,vai
37481,conexao-amazonica,matar
37482,conexao-amazonica,a
37483,conexao-amazonica,fome
37484,conexao-amazonica,de
37485,conexao-amazonica,ninguém
37486,conexao-amazonica,Uma
37487,conexao-amazonica,peregrinação
37488,conexao-amazonica,involuntária
37489,conexao-amazonica,talvez
37490,conexao-amazonica,fosse
37491,conexao-amazonica,a
37492,conexao-amazonica,solução
37493,conexao-amazonica,Auto-exílio
37494,conexao-amazonica,nada
37495,conexao-amazonica,mais
37496,conexao-amazonica,é
37497,conexao-amazonica,do
37498,conexao-amazonica,que
37499,conexao-amazonica,ter
37500,conexao-amazonica,seu
37501,conexao-amazonica,coração
37502,conexao-amazonica,na
37503,conexao-amazonica,solidão
37504,conexao-amazonica,"Yeah,"
37505,conexao-amazonica,"yeah,"
37506,conexao-amazonica,yeah
37507,conexao-amazonica,"Yeah,"
37508,conexao-amazonica,"yeah,"
37509,conexao-amazonica,"yeah,"
37510,conexao-amazonica,"yeah,"
37511,conexao-amazonica,yeah
37512,conexao-amazonica,"Yeah,"
37513,conexao-amazonica,"yeah,"
37514,conexao-amazonica,yeah
37515,conexao-amazonica,"Yeah,"
37516,conexao-amazonica,"yeah,"
37517,conexao-amazonica,yeah
37518,conexao-amazonica,"Yeah,"
37519,conexao-amazonica,"yeah,"
37520,conexao-amazonica,"yeah,"
37521,conexao-amazonica,"yeah,"
37522,conexao-amazonica,yeah
37523,conexao-amazonica,Em
37524,conexao-amazonica,"Freud,"
37525,conexao-amazonica,"Jung,"
37526,conexao-amazonica,"Engels,"
37527,conexao-amazonica,Marx
37528,conexao-amazonica,Intrigas
37529,conexao-amazonica,intelectuais
37530,conexao-amazonica,Rodando
37531,conexao-amazonica,em
37532,conexao-amazonica,mesa
37533,conexao-amazonica,de
37534,conexao-amazonica,bar
37535,conexao-amazonica,"Yeah,"
37536,conexao-amazonica,"yeah,"
37537,conexao-amazonica,yeah
37538,conexao-amazonica,"Yeah,"
37539,conexao-amazonica,"yeah,"
37540,conexao-amazonica,"yeah,"
37541,conexao-amazonica,"yeah,"
37542,conexao-amazonica,yeah
37543,conexao-amazonica,"Yeah,"
37544,conexao-amazonica,"yeah,"
37545,conexao-amazonica,yeah
37546,conexao-amazonica,"Yeah,"
37547,conexao-amazonica,"yeah,"
37548,conexao-amazonica,yeah
37549,conexao-amazonica,None
38294,dado-viciado,Viciou
38295,dado-viciado,os
38296,dado-viciado,seus
38297,dado-viciado,"primos,"
38298,dado-viciado,talvez
38299,dado-viciado,sua
38300,dado-viciado,irmã
38301,dado-viciado,Mas
38302,dado-viciado,aqui
38303,dado-viciado,não
38304,dado-viciado,tem
38305,dado-viciado,"Village,"
38306,dado-viciado,rua
38307,dado-viciado,42
38308,dado-viciado,Me
38309,dado-viciado,diz
38310,dado-viciado,pra
38311,dado-viciado,onde
38312,dado-viciado,é
38313,dado-viciado,que
38314,dado-viciado,é
38315,dado-viciado,que
38316,dado-viciado,você
38317,dado-viciado,vai
38318,dado-viciado,depois
38319,dado-viciado,Não
38320,dado-viciado,tem
38321,dado-viciado,mais
38322,dado-viciado,lugar
38323,dado-viciado,pras
38324,dado-viciado,agulhas
38325,dado-viciado,entrarem
38326,dado-viciado,Você
38327,dado-viciado,não
38328,dado-viciado,"conversa,"
38329,dado-viciado,não
38330,dado-viciado,quer
38331,dado-viciado,mais
38332,dado-viciado,falar
38333,dado-viciado,Só
38334,dado-viciado,tem
38335,dado-viciado,as
38336,dado-viciado,agulhas
38337,dado-viciado,pra
38338,dado-viciado,lhe
38339,dado-viciado,ajudar
38340,dado-viciado,O
38341,dado-viciado,seu
38342,dado-viciado,corpo
38343,dado-viciado,tem
38344,dado-viciado,marca
38345,dado-viciado,de
38346,dado-viciado,sangue
38347,dado-viciado,e
38348,dado-viciado,pus
38349,dado-viciado,Você
38350,dado-viciado,não
38351,dado-viciado,sabe
38352,dado-viciado,se
38353,dado-viciado,é
38354,dado-viciado,Março
38355,dado-viciado,ou
38356,dado-viciado,Fevereiro
38357,dado-viciado,Trancado
38358,dado-viciado,o
38359,dado-viciado,dia
38360,dado-viciado,inteiro
38361,dado-viciado,dentro
38362,dado-viciado,do
38363,dado-viciado,banheiro
38364,dado-viciado,O
38365,dado-viciado,que
38366,dado-viciado,fizeram
38367,dado-viciado,com
38368,dado-viciado,você?
38369,dado-viciado,"Dado,"
38370,dado-viciado,"Dado,"
38371,dado-viciado,Dado
38372,dado-viciado,O
38373,dado-viciado,que
38374,dado-viciado,fizeram
38375,dado-viciado,com
38376,dado-viciado,você?
38377,dado-viciado,Você
38378,dado-viciado,agora
38379,dado-viciado,enche
38380,dado-viciado,a
38381,dado-viciado,cara
38382,dado-viciado,e
38383,dado-viciado,cai
38384,dado-viciado,pelas
38385,dado-viciado,esquinas
38386,dado-viciado,Não
38387,dado-viciado,me
38388,dado-viciado,peça
38389,dado-viciado,"dinheiro,"
38390,dado-viciado,não
38391,dado-viciado,vou
38392,dado-viciado,lhe
38393,dado-viciado,entregar
38394,dado-viciado,Cadê
38395,dado-viciado,a
38396,dado-viciado,criança?
38397,dado-viciado,Meu
38398,dado-viciado,primo
38399,dado-viciado,e
38400,dado-viciado,irmão
38401,dado-viciado,Se
38402,dado-viciado,perdeu
38403,dado-viciado,por
38404,dado-viciado,aí
38405,dado-viciado,com
38406,dado-viciado,seringas
38407,dado-viciado,na
38408,dado-viciado,mão
38409,dado-viciado,O
38410,dado-viciado,que
38411,dado-viciado,fizeram
38412,dado-viciado,com
38413,dado-viciado,você?
38414,dado-viciado,"Dado,"
38415,dado-viciado,"Dado,"
38416,dado-viciado,Dado
38417,dado-viciado,O
38418,dado-viciado,que
38419,dado-viciado,fizeram
38420,dado-viciado,com
38421,dado-viciado,você?
38422,dado-viciado,"Dado,"
38423,dado-viciado,"Dado,"
38424,dado-viciado,Dado
38425,dado-viciado,O
38426,dado-viciado,que
38427,dado-viciado,fizeram
38428,dado-viciado,com
38429,dado-viciado,você?
38430,dado-viciado,"Dado,"
38431,dado-viciado,"Dado,"
38432,dado-viciado,Dado
38433,dado-viciado,O
38434,dado-viciado,que
38435,dado-viciado,fizeram
38436,dado-viciado,com
38437,dado-viciado,você?
38438,dado-viciado,None
39228,daniel-na-cova-dos-leoes,Ficou
39229,daniel-na-cova-dos-leoes,na
39230,daniel-na-cova-dos-leoes,minha
39231,daniel-na-cova-dos-leoes,boca
39232,daniel-na-cova-dos-leoes,por
39233,daniel-na-cova-dos-leoes,mais
39234,daniel-na-cova-dos-leoes,tempo
39235,daniel-na-cova-dos-leoes,De
39236,daniel-na-cova-dos-leoes,"amargo,"
39237,daniel-na-cova-dos-leoes,então
39238,daniel-na-cova-dos-leoes,salgado
39239,daniel-na-cova-dos-leoes,ficou
39240,daniel-na-cova-dos-leoes,doce
39241,daniel-na-cova-dos-leoes,Assim
39242,daniel-na-cova-dos-leoes,que
39243,daniel-na-cova-dos-leoes,o
39244,daniel-na-cova-dos-leoes,teu
39245,daniel-na-cova-dos-leoes,cheiro
39246,daniel-na-cova-dos-leoes,forte
39247,daniel-na-cova-dos-leoes,e
39248,daniel-na-cova-dos-leoes,lento
39249,daniel-na-cova-dos-leoes,E
39250,daniel-na-cova-dos-leoes,ainda
39251,daniel-na-cova-dos-leoes,"leve,"
39252,daniel-na-cova-dos-leoes,"forte,"
39253,daniel-na-cova-dos-leoes,cego
39254,daniel-na-cova-dos-leoes,e
39255,daniel-na-cova-dos-leoes,tenso
39256,daniel-na-cova-dos-leoes,Fez
39257,daniel-na-cova-dos-leoes,saber
39258,daniel-na-cova-dos-leoes,Que
39259,daniel-na-cova-dos-leoes,ainda
39260,daniel-na-cova-dos-leoes,era
39261,daniel-na-cova-dos-leoes,muito
39262,daniel-na-cova-dos-leoes,e
39263,daniel-na-cova-dos-leoes,muito
39264,daniel-na-cova-dos-leoes,pouco
39265,daniel-na-cova-dos-leoes,E
39266,daniel-na-cova-dos-leoes,desafio
39267,daniel-na-cova-dos-leoes,o
39268,daniel-na-cova-dos-leoes,instinto
39269,daniel-na-cova-dos-leoes,dissonante
39270,daniel-na-cova-dos-leoes,A
39271,daniel-na-cova-dos-leoes,insegurança
39272,daniel-na-cova-dos-leoes,não
39273,daniel-na-cova-dos-leoes,me
39274,daniel-na-cova-dos-leoes,ataca
39275,daniel-na-cova-dos-leoes,quando
39276,daniel-na-cova-dos-leoes,erro
39277,daniel-na-cova-dos-leoes,E
39278,daniel-na-cova-dos-leoes,o
39279,daniel-na-cova-dos-leoes,teu
39280,daniel-na-cova-dos-leoes,momento
39281,daniel-na-cova-dos-leoes,passa
39282,daniel-na-cova-dos-leoes,a
39283,daniel-na-cova-dos-leoes,ser
39284,daniel-na-cova-dos-leoes,o
39285,daniel-na-cova-dos-leoes,meu
39286,daniel-na-cova-dos-leoes,instante
39287,daniel-na-cova-dos-leoes,Não
39288,daniel-na-cova-dos-leoes,faz
39289,daniel-na-cova-dos-leoes,da
39290,daniel-na-cova-dos-leoes,minha
39291,daniel-na-cova-dos-leoes,força
39292,daniel-na-cova-dos-leoes,confusão
39293,daniel-na-cova-dos-leoes,Teu
39294,daniel-na-cova-dos-leoes,corpo
39295,daniel-na-cova-dos-leoes,é
39296,daniel-na-cova-dos-leoes,meu
39297,daniel-na-cova-dos-leoes,espelho
39298,daniel-na-cova-dos-leoes,e
39299,daniel-na-cova-dos-leoes,em
39300,daniel-na-cova-dos-leoes,ti
39301,daniel-na-cova-dos-leoes,navego
39302,daniel-na-cova-dos-leoes,E
39303,daniel-na-cova-dos-leoes,eu
39304,daniel-na-cova-dos-leoes,sei
39305,daniel-na-cova-dos-leoes,que
39306,daniel-na-cova-dos-leoes,a
39307,daniel-na-cova-dos-leoes,tua
39308,daniel-na-cova-dos-leoes,correnteza
39309,daniel-na-cova-dos-leoes,não
39310,daniel-na-cova-dos-leoes,tem
39311,daniel-na-cova-dos-leoes,direção
39312,daniel-na-cova-dos-leoes,E
39313,daniel-na-cova-dos-leoes,insistir
39314,daniel-na-cova-dos-leoes,em
39315,daniel-na-cova-dos-leoes,usar
39316,daniel-na-cova-dos-leoes,os
39317,daniel-na-cova-dos-leoes,remos
39318,daniel-na-cova-dos-leoes,É
39319,daniel-na-cova-dos-leoes,o
39320,daniel-na-cova-dos-leoes,mal
39321,daniel-na-cova-dos-leoes,que
39322,daniel-na-cova-dos-leoes,a
39323,daniel-na-cova-dos-leoes,água
39324,daniel-na-cova-dos-leoes,faz
39325,daniel-na-cova-dos-leoes,quando
39326,daniel-na-cova-dos-leoes,se
39327,daniel-na-cova-dos-leoes,afoga
39328,daniel-na-cova-dos-leoes,E
39329,daniel-na-cova-dos-leoes,o
39330,daniel-na-cova-dos-leoes,salva-vidas
39331,daniel-na-cova-dos-leoes,não
39332,daniel-na-cova-dos-leoes,está
39333,daniel-na-cova-dos-leoes,lá
39334,daniel-na-cova-dos-leoes,porque
39335,daniel-na-cova-dos-leoes,não
39336,daniel-na-cova-dos-leoes,vemos
39337,daniel-na-cova-dos-leoes,None
40162,depois-do-comeco,E
40163,depois-do-comeco,deixar
40164,depois-do-comeco,o
40165,depois-do-comeco,equilíbrio
40166,depois-do-comeco,ir
40167,depois-do-comeco,embora
40168,depois-do-comeco,Cair
40169,depois-do-comeco,como
40170,depois-do-comeco,um
40171,depois-do-comeco,saxofone
40172,depois-do-comeco,na
40173,depois-do-comeco,calçada
40174,depois-do-comeco,Amarrar
40175,depois-do-comeco,um
40176,depois-do-comeco,fio
40177,depois-do-comeco,de
40178,depois-do-comeco,cobre
40179,depois-do-comeco,no
40180,depois-do-comeco,pescoço
40181,depois-do-comeco,Usar
40182,depois-do-comeco,um
40183,depois-do-comeco,extintor
40184,depois-do-comeco,como
40185,depois-do-comeco,lençol
40186,depois-do-comeco,Jogar
40187,depois-do-comeco,pólo-aquático
40188,depois-do-comeco,na
40189,depois-do-comeco,cama
40190,depois-do-comeco,Ficar
40191,depois-do-comeco,deslizando
40192,depois-do-comeco,pelo
40193,depois-do-comeco,teto
40194,depois-do-comeco,Cantar
40195,depois-do-comeco,canções
40196,depois-do-comeco,em
40197,depois-do-comeco,línguas
40198,depois-do-comeco,estranhas
40199,depois-do-comeco,Retalhar
40200,depois-do-comeco,as
40201,depois-do-comeco,cortinas
40202,depois-do-comeco,desarmadas
40203,depois-do-comeco,Com
40204,depois-do-comeco,a
40205,depois-do-comeco,faca
40206,depois-do-comeco,surda
40207,depois-do-comeco,que
40208,depois-do-comeco,a
40209,depois-do-comeco,fé
40210,depois-do-comeco,sujou
40211,depois-do-comeco,E
40212,depois-do-comeco,a
40213,depois-do-comeco,indecência
40214,depois-do-comeco,pura
40215,depois-do-comeco,dos
40216,depois-do-comeco,retratos
40217,depois-do-comeco,no
40218,depois-do-comeco,salão
40219,depois-do-comeco,Vamos
40220,depois-do-comeco,beber
40221,depois-do-comeco,livros
40222,depois-do-comeco,e
40223,depois-do-comeco,mastigar
40224,depois-do-comeco,tapetes
40225,depois-do-comeco,Catar
40226,depois-do-comeco,pontas
40227,depois-do-comeco,de
40228,depois-do-comeco,cigarros
40229,depois-do-comeco,nas
40230,depois-do-comeco,paredes
40231,depois-do-comeco,Cuspir
40232,depois-do-comeco,um
40233,depois-do-comeco,dia
40234,depois-do-comeco,qualquer
40235,depois-do-comeco,no
40236,depois-do-comeco,futuro
40237,depois-do-comeco,De
40238,depois-do-comeco,quem
40239,depois-do-comeco,Já
40240,depois-do-comeco,desapareceu
40241,depois-do-comeco,Somos
40242,depois-do-comeco,todos
40243,depois-do-comeco,ateus
40244,depois-do-comeco,Vamos
40245,depois-do-comeco,cortar
40246,depois-do-comeco,os
40247,depois-do-comeco,cabelos
40248,depois-do-comeco,do
40249,depois-do-comeco,príncipe
40250,depois-do-comeco,E
40251,depois-do-comeco,entregá-los
40252,depois-do-comeco,a
40253,depois-do-comeco,um
40254,depois-do-comeco,deus
40255,depois-do-comeco,plebeu
40256,depois-do-comeco,O
40257,depois-do-comeco,que
40258,depois-do-comeco,vier
40259,depois-do-comeco,vai
40260,depois-do-comeco,começar
40261,depois-do-comeco,a
40262,depois-do-comeco,ser
40263,depois-do-comeco,o
40264,depois-do-comeco,fim
40265,depois-do-comeco,E
40266,depois-do-comeco,depois
40267,depois-do-comeco,do
40268,depois-do-comeco,começo
40269,depois-do-comeco,O
40270,depois-do-comeco,que
40271,depois-do-comeco,vier
40272,depois-do-comeco,vai
40273,depois-do-comeco,começar
40274,depois-do-comeco,a
40275,depois-do-comeco,ser
40276,depois-do-comeco,o
40277,depois-do-comeco,fim
40278,depois-do-comeco,O
40279,depois-do-comeco,que
40280,depois-do-comeco,vier
40281,depois-do-comeco,vai
40282,depois-do-comeco,começar
40283,depois-do-comeco,a
40284,depois-do-comeco,ser
40285,depois-do-comeco,o
40286,depois-do-comeco,fim
40287,depois-do-comeco,E
40288,depois-do-comeco,depois
40289,depois-do-comeco,do
40290,depois-do-comeco,começo
40291,depois-do-comeco,O
40292,depois-do-comeco,que
40293,depois-do-comeco,vier
40294,depois-do-comeco,vai
40295,depois-do-comeco,começar
40296,depois-do-comeco,a
40297,depois-do-comeco,ser
40298,depois-do-comeco,None
41096,desemprego,Não
41097,desemprego,sei
41098,desemprego,se
41099,desemprego,tenho
41100,desemprego,medo
41101,desemprego,Só
41102,desemprego,esse
41103,desemprego,desespero
41104,desemprego,Esqueço
41105,desemprego,quando
41106,desemprego,bebo
41107,desemprego,E
41108,desemprego,é
41109,desemprego,mais
41110,desemprego,um
41111,desemprego,aumento
41112,desemprego,Não
41113,desemprego,tenho
41114,desemprego,mais
41115,desemprego,dinheiro
41116,desemprego,Atraso
41117,desemprego,o
41118,desemprego,aluguel
41119,desemprego,Mau
41120,desemprego,compro
41121,desemprego,alimento
41122,desemprego,Não
41123,desemprego,sei
41124,desemprego,se
41125,desemprego,tenho
41126,desemprego,medo
41127,desemprego,Trabalho
41128,desemprego,o
41129,desemprego,tempo
41130,desemprego,inteiro
41131,desemprego,To
41132,desemprego,procurando
41133,desemprego,emprego
41134,desemprego,Quem
41135,desemprego,vai
41136,desemprego,ser
41137,desemprego,despedido?
41138,desemprego,Quem
41139,desemprego,vai
41140,desemprego,dançar
41141,desemprego,primeiro?
41142,desemprego,E
41143,desemprego,o
41144,desemprego,pouco
41145,desemprego,que
41146,desemprego,eu
41147,desemprego,recebo
41148,desemprego,É
41149,desemprego,uma
41150,desemprego,metade
41151,desemprego,pelo
41152,desemprego,meio
41153,desemprego,Não
41154,desemprego,sei
41155,desemprego,se
41156,desemprego,tenho
41157,desemprego,medo
41158,desemprego,Só
41159,desemprego,esse
41160,desemprego,desespero
41161,desemprego,Esqueço
41162,desemprego,quando
41163,desemprego,bebo
41164,desemprego,Quem
41165,desemprego,vai
41166,desemprego,ser
41167,desemprego,despedido?
41168,desemprego,Quem
41169,desemprego,vai
41170,desemprego,dançar
41171,desemprego,primeiro?
41172,desemprego,E
41173,desemprego,o
41174,desemprego,pouco
41175,desemprego,que
41176,desemprego,eu
41177,desemprego,recebo
41178,desemprego,É
41179,desemprego,uma
41180,desemprego,metade
41181,desemprego,pelo
41182,desemprego,meio
41183,desemprego,Não
41184,desemprego,sei
41185,desemprego,se
41186,desemprego,tenho
41187,desemprego,medo...
41188,desemprego,None
42030,dezesseis,O
42031,dezesseis,nosso
42032,dezesseis,Johnny
42033,dezesseis,era
42034,dezesseis,um
42035,dezesseis,cara
42036,dezesseis,legal
42037,dezesseis,Era
42038,dezesseis,o
42039,dezesseis,rei
42040,dezesseis,dos
42041,dezesseis,pegas
42042,dezesseis,na
42043,dezesseis,Asa
42044,dezesseis,Sul
42045,dezesseis,E
42046,dezesseis,em
42047,dezesseis,todo
42048,dezesseis,lugar
42049,dezesseis,Conquistava
42050,dezesseis,as
42051,dezesseis,meninas
42052,dezesseis,E
42053,dezesseis,quem
42054,dezesseis,mais
42055,dezesseis,quisesse
42056,dezesseis,ter
42057,dezesseis,Sabia
42058,dezesseis,tudo
42059,dezesseis,da
42060,dezesseis,Janis
42061,dezesseis,Do
42062,dezesseis,Led
42063,dezesseis,"Zeppelin,"
42064,dezesseis,dos
42065,dezesseis,Beatles
42066,dezesseis,e
42067,dezesseis,dos
42068,dezesseis,Rolling
42069,dezesseis,Stones
42070,dezesseis,Meio
42071,dezesseis,que
42072,dezesseis,sem
42073,dezesseis,querer
42074,dezesseis,Alguma
42075,dezesseis,coisa
42076,dezesseis,aconteceu
42077,dezesseis,Só
42078,dezesseis,que
42079,dezesseis,quase
42080,dezesseis,ninguém
42081,dezesseis,percebeu
42082,dezesseis,Quando
42083,dezesseis,marcou
42084,dezesseis,um
42085,dezesseis,super
42086,dezesseis,pega
42087,dezesseis,no
42088,dezesseis,fim
42089,dezesseis,de
42090,dezesseis,semana
42091,dezesseis,Não
42092,dezesseis,vai
42093,dezesseis,ser
42094,dezesseis,no
42095,dezesseis,CASEB
42096,dezesseis,Nem
42097,dezesseis,no
42098,dezesseis,Lago
42099,dezesseis,"Norte,"
42100,dezesseis,nem
42101,dezesseis,na
42102,dezesseis,UnB
42103,dezesseis,Um
42104,dezesseis,ronco
42105,dezesseis,de
42106,dezesseis,motor
42107,dezesseis,A
42108,dezesseis,cidade
42109,dezesseis,inteira
42110,dezesseis,se
42111,dezesseis,movimentou
42112,dezesseis,Eu
42113,dezesseis,vou
42114,dezesseis,pra
42115,dezesseis,curva
42116,dezesseis,do
42117,dezesseis,"Diabo,"
42118,dezesseis,em
42119,dezesseis,"Sobradinho,"
42120,dezesseis,e
42121,dezesseis,vocês?
42122,dezesseis,Pra
42123,dezesseis,estrada
42124,dezesseis,da
42125,dezesseis,morte
42126,dezesseis,o
42127,dezesseis,maior
42128,dezesseis,pega
42129,dezesseis,que
42130,dezesseis,existiu
42131,dezesseis,Só
42132,dezesseis,deu
42133,dezesseis,para
42134,dezesseis,"ouvir,"
42135,dezesseis,foi
42136,dezesseis,aquela
42137,dezesseis,explosão
42138,dezesseis,E
42139,dezesseis,os
42140,dezesseis,pedaços
42141,dezesseis,do
42142,dezesseis,Opala
42143,dezesseis,azul
42144,dezesseis,de
42145,dezesseis,Johnny
42146,dezesseis,pelo
42147,dezesseis,chão
42148,dezesseis,O
42149,dezesseis,aluno
42150,dezesseis,João
42151,dezesseis,Roberto
42152,dezesseis,não
42153,dezesseis,está
42154,dezesseis,mais
42155,dezesseis,entre
42156,dezesseis,nós
42157,dezesseis,Ele
42158,dezesseis,só
42159,dezesseis,tinha
42160,dezesseis,dezesseis
42161,dezesseis,Que
42162,dezesseis,isso
42163,dezesseis,sirva
42164,dezesseis,de
42165,dezesseis,aviso
42166,dezesseis,pra
42167,dezesseis,vocês
42168,dezesseis,Todo
42169,dezesseis,o
42170,dezesseis,mundo
42171,dezesseis,cantando
42172,dezesseis,baixinho
42173,dezesseis,Strawberry
42174,dezesseis,Fields
42175,dezesseis,Forever
42176,dezesseis,Diz
42177,dezesseis,que
42178,dezesseis,não
42179,dezesseis,foi
42180,dezesseis,o
42181,dezesseis,caminhão
42182,dezesseis,Nem
42183,dezesseis,a
42184,dezesseis,curva
42185,dezesseis,fatal
42186,dezesseis,E
42187,dezesseis,nem
42188,dezesseis,a
42189,dezesseis,explosão
42190,dezesseis,Pra
42191,dezesseis,vacilar
42192,dezesseis,assim
42193,dezesseis,E
42194,dezesseis,o
42195,dezesseis,que
42196,dezesseis,dizem
42197,dezesseis,que
42198,dezesseis,foi
42199,dezesseis,tudo
42200,dezesseis,Por
42201,dezesseis,causa
42202,dezesseis,de
42203,dezesseis,um
42204,dezesseis,coração
42205,dezesseis,partido
42206,dezesseis,"Johnny,"
42207,dezesseis,"bye,"
42208,dezesseis,bye
42209,dezesseis,"Bye,"
42210,dezesseis,bye
42211,dezesseis,Johnny
42212,dezesseis,None
42964,do-espirito,Que
42965,do-espirito,eu
42966,do-espirito,não
42967,do-espirito,quero
42968,do-espirito,mais
42969,do-espirito,saber
42970,do-espirito,de
42971,do-espirito,você
42972,do-espirito,Esse
42973,do-espirito,eu
42974,do-espirito,te
42975,do-espirito,quero
42976,do-espirito,já
42977,do-espirito,não
42978,do-espirito,me
42979,do-espirito,convence
42980,do-espirito,mais
42981,do-espirito,E
42982,do-espirito,agora
42983,do-espirito,já
42984,do-espirito,nem
42985,do-espirito,me
42986,do-espirito,incomoda
42987,do-espirito,Sai
42988,do-espirito,de
42989,do-espirito,mim
42990,do-espirito,Não
42991,do-espirito,gosto
42992,do-espirito,de
42993,do-espirito,ser
42994,do-espirito,rejeitado
42995,do-espirito,E
42996,do-espirito,agora
42997,do-espirito,não
42998,do-espirito,tem
42999,do-espirito,volta
43000,do-espirito,Você
43001,do-espirito,pegou
43002,do-espirito,o
43003,do-espirito,bonde
43004,do-espirito,errado
43005,do-espirito,E
43006,do-espirito,a
43007,do-espirito,ignorância
43008,do-espirito,é
43009,do-espirito,vizinha
43010,do-espirito,da
43011,do-espirito,maldade
43012,do-espirito,E
43013,do-espirito,só
43014,do-espirito,porque
43015,do-espirito,eu
43016,do-espirito,tenho
43017,do-espirito,não
43018,do-espirito,pense
43019,do-espirito,que
43020,do-espirito,é
43021,do-espirito,de
43022,do-espirito,mim
43023,do-espirito,Que
43024,do-espirito,você
43025,do-espirito,vai
43026,do-espirito,ter
43027,do-espirito,e
43028,do-espirito,conseguir
43029,do-espirito,o
43030,do-espirito,que
43031,do-espirito,não
43032,do-espirito,tem
43033,do-espirito,Só
43034,do-espirito,estou
43035,do-espirito,aberto
43036,do-espirito,a
43037,do-espirito,quem
43038,do-espirito,sempre
43039,do-espirito,foi
43040,do-espirito,do
43041,do-espirito,bem
43042,do-espirito,E
43043,do-espirito,agora
43044,do-espirito,estou
43045,do-espirito,fechado
43046,do-espirito,pra
43047,do-espirito,você
43048,do-espirito,Que
43049,do-espirito,eu
43050,do-espirito,não
43051,do-espirito,quero
43052,do-espirito,mais
43053,do-espirito,saber
43054,do-espirito,de
43055,do-espirito,você
43056,do-espirito,"Não,"
43057,do-espirito,"não,"
43058,do-espirito,não
43059,do-espirito,venha
43060,do-espirito,pra
43061,do-espirito,cá
43062,do-espirito,Que
43063,do-espirito,eu
43064,do-espirito,não
43065,do-espirito,quero
43066,do-espirito,mais
43067,do-espirito,saber
43068,do-espirito,de
43069,do-espirito,você
43070,do-espirito,"Não,"
43071,do-espirito,"não,"
43072,do-espirito,não
43073,do-espirito,venha
43074,do-espirito,pra
43075,do-espirito,cá
43076,do-espirito,Que
43077,do-espirito,eu
43078,do-espirito,não
43079,do-espirito,quero
43080,do-espirito,mais
43081,do-espirito,saber
43082,do-espirito,de
43083,do-espirito,você
43084,do-espirito,"Não,"
43085,do-espirito,"não,"
43086,do-espirito,não
43087,do-espirito,venha
43088,do-espirito,pra
43089,do-espirito,cá
43090,do-espirito,Que
43091,do-espirito,eu
43092,do-espirito,não
43093,do-espirito,quero
43094,do-espirito,mais
43095,do-espirito,saber
43096,do-espirito,de
43097,do-espirito,você
43098,do-espirito,Você
43099,do-espirito,não
43100,do-espirito,vai
43101,do-espirito,me
43102,do-espirito,achar
43103,do-espirito,Você
43104,do-espirito,não
43105,do-espirito,consegue
43106,do-espirito,entender
43107,do-espirito,Que
43108,do-espirito,eu
43109,do-espirito,não
43110,do-espirito,quero
43111,do-espirito,mais
43112,do-espirito,saber
43113,do-espirito,de
43114,do-espirito,você
43115,do-espirito,"Não,"
43116,do-espirito,"não,"
43117,do-espirito,não
43118,do-espirito,venha
43119,do-espirito,pra
43120,do-espirito,cá
43121,do-espirito,Que
43122,do-espirito,eu
43123,do-espirito,não
43124,do-espirito,quero
43125,do-espirito,mais
43126,do-espirito,saber
43127,do-espirito,de
43128,do-espirito,você
43129,do-espirito,"Não,"
43130,do-espirito,"não,"
43131,do-espirito,não
43132,do-espirito,venha
43133,do-espirito,pra
43134,do-espirito,cá
43135,do-espirito,Que
43136,do-espirito,eu
43137,do-espirito,não
43138,do-espirito,quero
43139,do-espirito,mais
43140,do-espirito,saber
43141,do-espirito,de
43142,do-espirito,você
43143,do-espirito,Você
43144,do-espirito,não
43145,do-espirito,vai
43146,do-espirito,me
43147,do-espirito,achar
43148,do-espirito,Você
43149,do-espirito,não
43150,do-espirito,consegue
43151,do-espirito,entender
43152,do-espirito,None
43898,esperando-por-mim,Que
43899,esperando-por-mim,o
43900,esperando-por-mim,meu
43901,esperando-por-mim,sorriso
43902,esperando-por-mim,era
43903,esperando-por-mim,sincero
43904,esperando-por-mim,Sou
43905,esperando-por-mim,tão
43906,esperando-por-mim,cínico
43907,esperando-por-mim,às
43908,esperando-por-mim,vezes
43909,esperando-por-mim,Estou
43910,esperando-por-mim,tentando
43911,esperando-por-mim,me
43912,esperando-por-mim,defender
43913,esperando-por-mim,Digam
43914,esperando-por-mim,o
43915,esperando-por-mim,que
43916,esperando-por-mim,disserem
43917,esperando-por-mim,O
43918,esperando-por-mim,mal
43919,esperando-por-mim,do
43920,esperando-por-mim,século
43921,esperando-por-mim,é
43922,esperando-por-mim,a
43923,esperando-por-mim,solidão
43924,esperando-por-mim,Cada
43925,esperando-por-mim,um
43926,esperando-por-mim,de
43927,esperando-por-mim,nós
43928,esperando-por-mim,imerso
43929,esperando-por-mim,em
43930,esperando-por-mim,sua
43931,esperando-por-mim,própria
43932,esperando-por-mim,Arrogância
43933,esperando-por-mim,Hoje
43934,esperando-por-mim,não
43935,esperando-por-mim,estava
43936,esperando-por-mim,nada
43937,esperando-por-mim,bem
43938,esperando-por-mim,Mas
43939,esperando-por-mim,a
43940,esperando-por-mim,tempestade
43941,esperando-por-mim,me
43942,esperando-por-mim,distrai
43943,esperando-por-mim,Gosto
43944,esperando-por-mim,dos
43945,esperando-por-mim,pingos
43946,esperando-por-mim,de
43947,esperando-por-mim,chuva
43948,esperando-por-mim,Dos
43949,esperando-por-mim,relâmpagos
43950,esperando-por-mim,e
43951,esperando-por-mim,dos
43952,esperando-por-mim,trovões
43953,esperando-por-mim,Saí
43954,esperando-por-mim,pra
43955,esperando-por-mim,caminhar
43956,esperando-por-mim,com
43957,esperando-por-mim,meu
43958,esperando-por-mim,pai
43959,esperando-por-mim,Conversamos
43960,esperando-por-mim,sobre
43961,esperando-por-mim,coisas
43962,esperando-por-mim,da
43963,esperando-por-mim,vida
43964,esperando-por-mim,E
43965,esperando-por-mim,tivemos
43966,esperando-por-mim,um
43967,esperando-por-mim,momento
43968,esperando-por-mim,de
43969,esperando-por-mim,paz
43970,esperando-por-mim,É
43971,esperando-por-mim,de
43972,esperando-por-mim,noite
43973,esperando-por-mim,que
43974,esperando-por-mim,tudo
43975,esperando-por-mim,faz
43976,esperando-por-mim,sentido
43977,esperando-por-mim,No
43978,esperando-por-mim,silêncio
43979,esperando-por-mim,eu
43980,esperando-por-mim,não
43981,esperando-por-mim,ouço
43982,esperando-por-mim,meus
43983,esperando-por-mim,gritos
43984,esperando-por-mim,Meu
43985,esperando-por-mim,pai
43986,esperando-por-mim,sempre
43987,esperando-por-mim,esteve
43988,esperando-por-mim,esperando
43989,esperando-por-mim,por
43990,esperando-por-mim,mim
43991,esperando-por-mim,E
43992,esperando-por-mim,o
43993,esperando-por-mim,que
43994,esperando-por-mim,disserem
43995,esperando-por-mim,Minha
43996,esperando-por-mim,mãe
43997,esperando-por-mim,sempre
43998,esperando-por-mim,esteve
43999,esperando-por-mim,esperando
44000,esperando-por-mim,por
44001,esperando-por-mim,mim
44002,esperando-por-mim,E
44003,esperando-por-mim,o
44004,esperando-por-mim,que
44005,esperando-por-mim,disserem
44006,esperando-por-mim,Meus
44007,esperando-por-mim,verdadeiros
44008,esperando-por-mim,amigos
44009,esperando-por-mim,sempre
44010,esperando-por-mim,esperaram
44011,esperando-por-mim,por
44012,esperando-por-mim,mim
44013,esperando-por-mim,E
44014,esperando-por-mim,o
44015,esperando-por-mim,que
44016,esperando-por-mim,disserem
44017,esperando-por-mim,Estamos
44018,esperando-por-mim,vivendo
44019,esperando-por-mim,E
44020,esperando-por-mim,o
44021,esperando-por-mim,que
44022,esperando-por-mim,disserem
44023,esperando-por-mim,os
44024,esperando-por-mim,nossos
44025,esperando-por-mim,dias
44026,esperando-por-mim,serão
44027,esperando-por-mim,para
44028,esperando-por-mim,sempre
44029,esperando-por-mim,None
44832,eu-era-um-lobisomem-juvenil,É
44833,eu-era-um-lobisomem-juvenil,que
44834,eu-era-um-lobisomem-juvenil,o
44835,eu-era-um-lobisomem-juvenil,coração
44836,eu-era-um-lobisomem-juvenil,não
44837,eu-era-um-lobisomem-juvenil,pensa
44838,eu-era-um-lobisomem-juvenil,Anteontem
44839,eu-era-um-lobisomem-juvenil,faltou
44840,eu-era-um-lobisomem-juvenil,luz
44841,eu-era-um-lobisomem-juvenil,Teve
44842,eu-era-um-lobisomem-juvenil,torcida
44843,eu-era-um-lobisomem-juvenil,gritando
44844,eu-era-um-lobisomem-juvenil,Quando
44845,eu-era-um-lobisomem-juvenil,a
44846,eu-era-um-lobisomem-juvenil,luz
44847,eu-era-um-lobisomem-juvenil,voltou
44848,eu-era-um-lobisomem-juvenil,Não
44849,eu-era-um-lobisomem-juvenil,falo
44850,eu-era-um-lobisomem-juvenil,como
44851,eu-era-um-lobisomem-juvenil,você
44852,eu-era-um-lobisomem-juvenil,fala
44853,eu-era-um-lobisomem-juvenil,Mas
44854,eu-era-um-lobisomem-juvenil,vejo
44855,eu-era-um-lobisomem-juvenil,bem
44856,eu-era-um-lobisomem-juvenil,O
44857,eu-era-um-lobisomem-juvenil,que
44858,eu-era-um-lobisomem-juvenil,você
44859,eu-era-um-lobisomem-juvenil,me
44860,eu-era-um-lobisomem-juvenil,diz
44861,eu-era-um-lobisomem-juvenil,Parecido
44862,eu-era-um-lobisomem-juvenil,com
44863,eu-era-um-lobisomem-juvenil,o
44864,eu-era-um-lobisomem-juvenil,que
44865,eu-era-um-lobisomem-juvenil,vejo
44866,eu-era-um-lobisomem-juvenil,Prefiro
44867,eu-era-um-lobisomem-juvenil,acreditar
44868,eu-era-um-lobisomem-juvenil,No
44869,eu-era-um-lobisomem-juvenil,mundo
44870,eu-era-um-lobisomem-juvenil,do
44871,eu-era-um-lobisomem-juvenil,meu
44872,eu-era-um-lobisomem-juvenil,jeito
44873,eu-era-um-lobisomem-juvenil,E
44874,eu-era-um-lobisomem-juvenil,você
44875,eu-era-um-lobisomem-juvenil,estava
44876,eu-era-um-lobisomem-juvenil,esperando
44877,eu-era-um-lobisomem-juvenil,voar
44878,eu-era-um-lobisomem-juvenil,Mas
44879,eu-era-um-lobisomem-juvenil,como
44880,eu-era-um-lobisomem-juvenil,chegar
44881,eu-era-um-lobisomem-juvenil,até
44882,eu-era-um-lobisomem-juvenil,as
44883,eu-era-um-lobisomem-juvenil,nuvens
44884,eu-era-um-lobisomem-juvenil,com
44885,eu-era-um-lobisomem-juvenil,os
44886,eu-era-um-lobisomem-juvenil,pés
44887,eu-era-um-lobisomem-juvenil,no
44888,eu-era-um-lobisomem-juvenil,chão?
44889,eu-era-um-lobisomem-juvenil,Faz
44890,eu-era-um-lobisomem-juvenil,sentido
44891,eu-era-um-lobisomem-juvenil,e
44892,eu-era-um-lobisomem-juvenil,outras
44893,eu-era-um-lobisomem-juvenil,vezes
44894,eu-era-um-lobisomem-juvenil,Não
44895,eu-era-um-lobisomem-juvenil,descubro
44896,eu-era-um-lobisomem-juvenil,um
44897,eu-era-um-lobisomem-juvenil,motivo
44898,eu-era-um-lobisomem-juvenil,Que
44899,eu-era-um-lobisomem-juvenil,me
44900,eu-era-um-lobisomem-juvenil,explique
44901,eu-era-um-lobisomem-juvenil,porque
44902,eu-era-um-lobisomem-juvenil,é
44903,eu-era-um-lobisomem-juvenil,Que
44904,eu-era-um-lobisomem-juvenil,não
44905,eu-era-um-lobisomem-juvenil,consigo
44906,eu-era-um-lobisomem-juvenil,ver
44907,eu-era-um-lobisomem-juvenil,sentido
44908,eu-era-um-lobisomem-juvenil,No
44909,eu-era-um-lobisomem-juvenil,que
44910,eu-era-um-lobisomem-juvenil,"sinto,"
44911,eu-era-um-lobisomem-juvenil,que
44912,eu-era-um-lobisomem-juvenil,procuro
44913,eu-era-um-lobisomem-juvenil,O
44914,eu-era-um-lobisomem-juvenil,que
44915,eu-era-um-lobisomem-juvenil,desejo
44916,eu-era-um-lobisomem-juvenil,e
44917,eu-era-um-lobisomem-juvenil,o
44918,eu-era-um-lobisomem-juvenil,que
44919,eu-era-um-lobisomem-juvenil,faz
44920,eu-era-um-lobisomem-juvenil,parte
44921,eu-era-um-lobisomem-juvenil,Do
44922,eu-era-um-lobisomem-juvenil,meu
44923,eu-era-um-lobisomem-juvenil,mundo
44924,eu-era-um-lobisomem-juvenil,E
44925,eu-era-um-lobisomem-juvenil,fui
44926,eu-era-um-lobisomem-juvenil,juiz
44927,eu-era-um-lobisomem-juvenil,supremo
44928,eu-era-um-lobisomem-juvenil,"Vai,"
44929,eu-era-um-lobisomem-juvenil,vem
44930,eu-era-um-lobisomem-juvenil,"embora,"
44931,eu-era-um-lobisomem-juvenil,volta
44932,eu-era-um-lobisomem-juvenil,Todos
44933,eu-era-um-lobisomem-juvenil,"têm,"
44934,eu-era-um-lobisomem-juvenil,todos
44935,eu-era-um-lobisomem-juvenil,têm
44936,eu-era-um-lobisomem-juvenil,Suas
44937,eu-era-um-lobisomem-juvenil,próprias
44938,eu-era-um-lobisomem-juvenil,razões
44939,eu-era-um-lobisomem-juvenil,Tudo
44940,eu-era-um-lobisomem-juvenil,acontece
44941,eu-era-um-lobisomem-juvenil,ao
44942,eu-era-um-lobisomem-juvenil,mesmo
44943,eu-era-um-lobisomem-juvenil,tempo
44944,eu-era-um-lobisomem-juvenil,Nem
44945,eu-era-um-lobisomem-juvenil,eu
44946,eu-era-um-lobisomem-juvenil,mesmo
44947,eu-era-um-lobisomem-juvenil,sei
44948,eu-era-um-lobisomem-juvenil,direito
44949,eu-era-um-lobisomem-juvenil,O
44950,eu-era-um-lobisomem-juvenil,que
44951,eu-era-um-lobisomem-juvenil,está
44952,eu-era-um-lobisomem-juvenil,acontecendo
44953,eu-era-um-lobisomem-juvenil,E
44954,eu-era-um-lobisomem-juvenil,"daí,"
44955,eu-era-um-lobisomem-juvenil,de
44956,eu-era-um-lobisomem-juvenil,hoje
44957,eu-era-um-lobisomem-juvenil,em
44958,eu-era-um-lobisomem-juvenil,diante
44959,eu-era-um-lobisomem-juvenil,Todo
44960,eu-era-um-lobisomem-juvenil,dia
44961,eu-era-um-lobisomem-juvenil,vai
44962,eu-era-um-lobisomem-juvenil,ser
44963,eu-era-um-lobisomem-juvenil,o
44964,eu-era-um-lobisomem-juvenil,dia
44965,eu-era-um-lobisomem-juvenil,mais
44966,eu-era-um-lobisomem-juvenil,importante
44967,eu-era-um-lobisomem-juvenil,É
44968,eu-era-um-lobisomem-juvenil,só
44969,eu-era-um-lobisomem-juvenil,não
44970,eu-era-um-lobisomem-juvenil,se
44971,eu-era-um-lobisomem-juvenil,"esquecer,"
44972,eu-era-um-lobisomem-juvenil,estarei
44973,eu-era-um-lobisomem-juvenil,aqui
44974,eu-era-um-lobisomem-juvenil,Se
44975,eu-era-um-lobisomem-juvenil,você
44976,eu-era-um-lobisomem-juvenil,quiser
44977,eu-era-um-lobisomem-juvenil,alguém
44978,eu-era-um-lobisomem-juvenil,pra
44979,eu-era-um-lobisomem-juvenil,ser
44980,eu-era-um-lobisomem-juvenil,só
44981,eu-era-um-lobisomem-juvenil,seu
44982,eu-era-um-lobisomem-juvenil,É
44983,eu-era-um-lobisomem-juvenil,só
44984,eu-era-um-lobisomem-juvenil,não
44985,eu-era-um-lobisomem-juvenil,se
44986,eu-era-um-lobisomem-juvenil,"esquecer,"
44987,eu-era-um-lobisomem-juvenil,estarei
44988,eu-era-um-lobisomem-juvenil,aqui
44989,eu-era-um-lobisomem-juvenil,Espero
44990,eu-era-um-lobisomem-juvenil,o
44991,eu-era-um-lobisomem-juvenil,vendaval
44992,eu-era-um-lobisomem-juvenil,passar
44993,eu-era-um-lobisomem-juvenil,Por
44994,eu-era-um-lobisomem-juvenil,enquanto
44995,eu-era-um-lobisomem-juvenil,eu
44996,eu-era-um-lobisomem-juvenil,não
44997,eu-era-um-lobisomem-juvenil,sei
44998,eu-era-um-lobisomem-juvenil,O
44999,eu-era-um-lobisomem-juvenil,que
45000,eu-era-um-lobisomem-juvenil,você
45001,eu-era-um-lobisomem-juvenil,me
45002,eu-era-um-lobisomem-juvenil,falou
45003,eu-era-um-lobisomem-juvenil,Me
45004,eu-era-um-lobisomem-juvenil,fez
45005,eu-era-um-lobisomem-juvenil,rir
45006,eu-era-um-lobisomem-juvenil,e
45007,eu-era-um-lobisomem-juvenil,pensar
45008,eu-era-um-lobisomem-juvenil,Porque
45009,eu-era-um-lobisomem-juvenil,estou
45010,eu-era-um-lobisomem-juvenil,tão
45011,eu-era-um-lobisomem-juvenil,preocupado
45012,eu-era-um-lobisomem-juvenil,Por
45013,eu-era-um-lobisomem-juvenil,estar
45014,eu-era-um-lobisomem-juvenil,Tão
45015,eu-era-um-lobisomem-juvenil,preocupado
45016,eu-era-um-lobisomem-juvenil,assim
45017,eu-era-um-lobisomem-juvenil,Todas
45018,eu-era-um-lobisomem-juvenil,as
45019,eu-era-um-lobisomem-juvenil,canções
45020,eu-era-um-lobisomem-juvenil,Todas
45021,eu-era-um-lobisomem-juvenil,as
45022,eu-era-um-lobisomem-juvenil,canções
45023,eu-era-um-lobisomem-juvenil,Todas
45024,eu-era-um-lobisomem-juvenil,as
45025,eu-era-um-lobisomem-juvenil,canções
45026,eu-era-um-lobisomem-juvenil,Todas
45027,eu-era-um-lobisomem-juvenil,as
45028,eu-era-um-lobisomem-juvenil,canções
45029,eu-era-um-lobisomem-juvenil,do
45030,eu-era-um-lobisomem-juvenil,mundo
45031,eu-era-um-lobisomem-juvenil,Sou
45032,eu-era-um-lobisomem-juvenil,bicho
45033,eu-era-um-lobisomem-juvenil,do
45034,eu-era-um-lobisomem-juvenil,mato
45035,eu-era-um-lobisomem-juvenil,mas
45036,eu-era-um-lobisomem-juvenil,É
45037,eu-era-um-lobisomem-juvenil,só
45038,eu-era-um-lobisomem-juvenil,não
45039,eu-era-um-lobisomem-juvenil,se
45040,eu-era-um-lobisomem-juvenil,"esquecer,"
45041,eu-era-um-lobisomem-juvenil,estarei
45042,eu-era-um-lobisomem-juvenil,aqui
45043,eu-era-um-lobisomem-juvenil,Se
45044,eu-era-um-lobisomem-juvenil,você
45045,eu-era-um-lobisomem-juvenil,quiser
45046,eu-era-um-lobisomem-juvenil,alguém
45047,eu-era-um-lobisomem-juvenil,pra
45048,eu-era-um-lobisomem-juvenil,ser
45049,eu-era-um-lobisomem-juvenil,só
45050,eu-era-um-lobisomem-juvenil,seu
45051,eu-era-um-lobisomem-juvenil,É
45052,eu-era-um-lobisomem-juvenil,só
45053,eu-era-um-lobisomem-juvenil,não
45054,eu-era-um-lobisomem-juvenil,se
45055,eu-era-um-lobisomem-juvenil,"esquecer,"
45056,eu-era-um-lobisomem-juvenil,estarei
45057,eu-era-um-lobisomem-juvenil,aqui
45058,eu-era-um-lobisomem-juvenil,É
45059,eu-era-um-lobisomem-juvenil,só
45060,eu-era-um-lobisomem-juvenil,não
45061,eu-era-um-lobisomem-juvenil,se
45062,eu-era-um-lobisomem-juvenil,"esquecer,"
45063,eu-era-um-lobisomem-juvenil,estarei
45064,eu-era-um-lobisomem-juvenil,aqui
45065,eu-era-um-lobisomem-juvenil,Se
45066,eu-era-um-lobisomem-juvenil,você
45067,eu-era-um-lobisomem-juvenil,quiser
45068,eu-era-um-lobisomem-juvenil,alguém
45069,eu-era-um-lobisomem-juvenil,pra
45070,eu-era-um-lobisomem-juvenil,ser
45071,eu-era-um-lobisomem-juvenil,só
45072,eu-era-um-lobisomem-juvenil,seu
45073,eu-era-um-lobisomem-juvenil,É
45074,eu-era-um-lobisomem-juvenil,só
45075,eu-era-um-lobisomem-juvenil,não
45076,eu-era-um-lobisomem-juvenil,se
45077,eu-era-um-lobisomem-juvenil,"esquecer,"
45078,eu-era-um-lobisomem-juvenil,estarei
45079,eu-era-um-lobisomem-juvenil,aqui
45080,eu-era-um-lobisomem-juvenil,A
45081,eu-era-um-lobisomem-juvenil,chave
45082,eu-era-um-lobisomem-juvenil,do
45083,eu-era-um-lobisomem-juvenil,meu
45084,eu-era-um-lobisomem-juvenil,coração
45085,eu-era-um-lobisomem-juvenil,None
45766,eu-sei,Palavras
45767,eu-sei,são
45768,eu-sei,erros
45769,eu-sei,e
45770,eu-sei,os
45771,eu-sei,erros
45772,eu-sei,são
45773,eu-sei,seus
45774,eu-sei,Não
45775,eu-sei,quero
45776,eu-sei,lembrar
45777,eu-sei,que
45778,eu-sei,eu
45779,eu-sei,erro
45780,eu-sei,também
45781,eu-sei,Porque
45782,eu-sei,é
45783,eu-sei,mais
45784,eu-sei,forte
45785,eu-sei,quem
45786,eu-sei,sabe
45787,eu-sei,mentir
45788,eu-sei,Não
45789,eu-sei,quero
45790,eu-sei,lembrar
45791,eu-sei,que
45792,eu-sei,eu
45793,eu-sei,minto
45794,eu-sei,também
45795,eu-sei,Eu
45796,eu-sei,sei
45797,eu-sei,Porque
45798,eu-sei,se
45799,eu-sei,toca
45800,eu-sei,o
45801,eu-sei,telefone
45802,eu-sei,pode
45803,eu-sei,ser
45804,eu-sei,alguém
45805,eu-sei,Com
45806,eu-sei,quem
45807,eu-sei,você
45808,eu-sei,quer
45809,eu-sei,falar
45810,eu-sei,por
45811,eu-sei,horas
45812,eu-sei,e
45813,eu-sei,horas
45814,eu-sei,e
45815,eu-sei,horas
45816,eu-sei,Lembranças
45817,eu-sei,e
45818,eu-sei,histórias
45819,eu-sei,Somos
45820,eu-sei,pássaro
45821,eu-sei,novo
45822,eu-sei,longe
45823,eu-sei,do
45824,eu-sei,ninho
45825,eu-sei,Eu
45826,eu-sei,sei
45827,eu-sei,None
46700,fabrica,Teremos
46701,fabrica,nossa
46702,fabrica,vez
46703,fabrica,Não
46704,fabrica,é
46705,fabrica,pedir
46706,fabrica,demais
46707,fabrica,Quero
46708,fabrica,justiça
46709,fabrica,Não
46710,fabrica,é
46711,fabrica,muito
46712,fabrica,o
46713,fabrica,que
46714,fabrica,lhe
46715,fabrica,peço
46716,fabrica,Eu
46717,fabrica,quero
46718,fabrica,um
46719,fabrica,trabalho
46720,fabrica,honesto
46721,fabrica,Em
46722,fabrica,vez
46723,fabrica,de
46724,fabrica,escravidão
46725,fabrica,Onde
46726,fabrica,o
46727,fabrica,mais
46728,fabrica,forte
46729,fabrica,Não
46730,fabrica,consegue
46731,fabrica,escravizar
46732,fabrica,Quem
46733,fabrica,não
46734,fabrica,tem
46735,fabrica,chance
46736,fabrica,Temperada
46737,fabrica,a
46738,fabrica,ferro
46739,fabrica,e
46740,fabrica,fogo?
46741,fabrica,Quem
46742,fabrica,guarda
46743,fabrica,os
46744,fabrica,portões
46745,fabrica,Da
46746,fabrica,fábrica?
46747,fabrica,Mas
46748,fabrica,agora
46749,fabrica,é
46750,fabrica,cinza
46751,fabrica,O
46752,fabrica,que
46753,fabrica,era
46754,fabrica,verde
46755,fabrica,aqui
46756,fabrica,Já
46757,fabrica,não
46758,fabrica,existe
46759,fabrica,mais
46760,fabrica,Que
46761,fabrica,não
46762,fabrica,acontece
46763,fabrica,nada
46764,fabrica,De
46765,fabrica,tanto
46766,fabrica,brincar
46767,fabrica,com
46768,fabrica,fogo
46769,fabrica,Que
46770,fabrica,venha
46771,fabrica,o
46772,fabrica,fogo
46773,fabrica,então
46774,fabrica,Nada
46775,fabrica,demais
46776,fabrica,None
47634,faroeste-caboclo,Era
47635,faroeste-caboclo,o
47636,faroeste-caboclo,que
47637,faroeste-caboclo,todos
47638,faroeste-caboclo,diziam
47639,faroeste-caboclo,quando
47640,faroeste-caboclo,ele
47641,faroeste-caboclo,se
47642,faroeste-caboclo,perdeu
47643,faroeste-caboclo,Deixou
47644,faroeste-caboclo,pra
47645,faroeste-caboclo,trás
47646,faroeste-caboclo,todo
47647,faroeste-caboclo,o
47648,faroeste-caboclo,marasmo
47649,faroeste-caboclo,da
47650,faroeste-caboclo,fazenda
47651,faroeste-caboclo,Só
47652,faroeste-caboclo,pra
47653,faroeste-caboclo,sentir
47654,faroeste-caboclo,no
47655,faroeste-caboclo,seu
47656,faroeste-caboclo,sangue
47657,faroeste-caboclo,o
47658,faroeste-caboclo,ódio
47659,faroeste-caboclo,que
47660,faroeste-caboclo,Jesus
47661,faroeste-caboclo,lhe
47662,faroeste-caboclo,deu
47663,faroeste-caboclo,Ainda
47664,faroeste-caboclo,mais
47665,faroeste-caboclo,quando
47666,faroeste-caboclo,com
47667,faroeste-caboclo,um
47668,faroeste-caboclo,tiro
47669,faroeste-caboclo,de
47670,faroeste-caboclo,soldado
47671,faroeste-caboclo,o
47672,faroeste-caboclo,pai
47673,faroeste-caboclo,morreu
47674,faroeste-caboclo,Era
47675,faroeste-caboclo,o
47676,faroeste-caboclo,terror
47677,faroeste-caboclo,da
47678,faroeste-caboclo,cercania
47679,faroeste-caboclo,onde
47680,faroeste-caboclo,morava
47681,faroeste-caboclo,E
47682,faroeste-caboclo,na
47683,faroeste-caboclo,escola
47684,faroeste-caboclo,até
47685,faroeste-caboclo,o
47686,faroeste-caboclo,professor
47687,faroeste-caboclo,com
47688,faroeste-caboclo,ele
47689,faroeste-caboclo,aprendeu
47690,faroeste-caboclo,Que
47691,faroeste-caboclo,as
47692,faroeste-caboclo,velhinhas
47693,faroeste-caboclo,colocavam
47694,faroeste-caboclo,na
47695,faroeste-caboclo,caixinha
47696,faroeste-caboclo,do
47697,faroeste-caboclo,altar
47698,faroeste-caboclo,Sentia
47699,faroeste-caboclo,mesmo
47700,faroeste-caboclo,que
47701,faroeste-caboclo,era
47702,faroeste-caboclo,mesmo
47703,faroeste-caboclo,diferente
47704,faroeste-caboclo,Sentia
47705,faroeste-caboclo,que
47706,faroeste-caboclo,aquilo
47707,faroeste-caboclo,ali
47708,faroeste-caboclo,não
47709,faroeste-caboclo,era
47710,faroeste-caboclo,o
47711,faroeste-caboclo,seu
47712,faroeste-caboclo,lugar
47713,faroeste-caboclo,E
47714,faroeste-caboclo,as
47715,faroeste-caboclo,coisas
47716,faroeste-caboclo,que
47717,faroeste-caboclo,ele
47718,faroeste-caboclo,via
47719,faroeste-caboclo,na
47720,faroeste-caboclo,televisão
47721,faroeste-caboclo,Juntou
47722,faroeste-caboclo,dinheiro
47723,faroeste-caboclo,para
47724,faroeste-caboclo,poder
47725,faroeste-caboclo,viajar
47726,faroeste-caboclo,De
47727,faroeste-caboclo,escolha
47728,faroeste-caboclo,"própria,"
47729,faroeste-caboclo,escolheu
47730,faroeste-caboclo,a
47731,faroeste-caboclo,solidão
47732,faroeste-caboclo,De
47733,faroeste-caboclo,tanto
47734,faroeste-caboclo,brincar
47735,faroeste-caboclo,de
47736,faroeste-caboclo,"médico,"
47737,faroeste-caboclo,aos
47738,faroeste-caboclo,doze
47739,faroeste-caboclo,era
47740,faroeste-caboclo,professor
47741,faroeste-caboclo,Aos
47742,faroeste-caboclo,"quinze,"
47743,faroeste-caboclo,foi
47744,faroeste-caboclo,mandado
47745,faroeste-caboclo,pro
47746,faroeste-caboclo,reformatório
47747,faroeste-caboclo,Onde
47748,faroeste-caboclo,aumentou
47749,faroeste-caboclo,seu
47750,faroeste-caboclo,ódio
47751,faroeste-caboclo,diante
47752,faroeste-caboclo,de
47753,faroeste-caboclo,tanto
47754,faroeste-caboclo,terror
47755,faroeste-caboclo,Discriminação
47756,faroeste-caboclo,por
47757,faroeste-caboclo,causa
47758,faroeste-caboclo,da
47759,faroeste-caboclo,sua
47760,faroeste-caboclo,classe
47761,faroeste-caboclo,e
47762,faroeste-caboclo,sua
47763,faroeste-caboclo,cor
47764,faroeste-caboclo,Ficou
47765,faroeste-caboclo,cansado
47766,faroeste-caboclo,de
47767,faroeste-caboclo,tentar
47768,faroeste-caboclo,achar
47769,faroeste-caboclo,resposta
47770,faroeste-caboclo,E
47771,faroeste-caboclo,comprou
47772,faroeste-caboclo,uma
47773,faroeste-caboclo,"passagem,"
47774,faroeste-caboclo,foi
47775,faroeste-caboclo,direto
47776,faroeste-caboclo,a
47777,faroeste-caboclo,Salvador
47778,faroeste-caboclo,E
47779,faroeste-caboclo,encontrou
47780,faroeste-caboclo,um
47781,faroeste-caboclo,boiadeiro
47782,faroeste-caboclo,com
47783,faroeste-caboclo,quem
47784,faroeste-caboclo,foi
47785,faroeste-caboclo,falar
47786,faroeste-caboclo,E
47787,faroeste-caboclo,o
47788,faroeste-caboclo,boiadeiro
47789,faroeste-caboclo,tinha
47790,faroeste-caboclo,uma
47791,faroeste-caboclo,passagem
47792,faroeste-caboclo,e
47793,faroeste-caboclo,ia
47794,faroeste-caboclo,perder
47795,faroeste-caboclo,a
47796,faroeste-caboclo,viagem
47797,faroeste-caboclo,Mas
47798,faroeste-caboclo,João
47799,faroeste-caboclo,foi
47800,faroeste-caboclo,lhe
47801,faroeste-caboclo,salvar
47802,faroeste-caboclo,Neste
47803,faroeste-caboclo,país
47804,faroeste-caboclo,lugar
47805,faroeste-caboclo,melhor
47806,faroeste-caboclo,não
47807,faroeste-caboclo,há
47808,faroeste-caboclo,Tô
47809,faroeste-caboclo,precisando
47810,faroeste-caboclo,visitar
47811,faroeste-caboclo,a
47812,faroeste-caboclo,minha
47813,faroeste-caboclo,filha
47814,faroeste-caboclo,Eu
47815,faroeste-caboclo,fico
47816,faroeste-caboclo,aqui
47817,faroeste-caboclo,e
47818,faroeste-caboclo,você
47819,faroeste-caboclo,vai
47820,faroeste-caboclo,no
47821,faroeste-caboclo,meu
47822,faroeste-caboclo,lugar
47823,faroeste-caboclo,E
47824,faroeste-caboclo,num
47825,faroeste-caboclo,ônibus
47826,faroeste-caboclo,entrou
47827,faroeste-caboclo,no
47828,faroeste-caboclo,Planalto
47829,faroeste-caboclo,Central
47830,faroeste-caboclo,Ele
47831,faroeste-caboclo,ficou
47832,faroeste-caboclo,bestificado
47833,faroeste-caboclo,com
47834,faroeste-caboclo,a
47835,faroeste-caboclo,cidade
47836,faroeste-caboclo,Saindo
47837,faroeste-caboclo,da
47838,faroeste-caboclo,"rodoviária,"
47839,faroeste-caboclo,viu
47840,faroeste-caboclo,as
47841,faroeste-caboclo,luzes
47842,faroeste-caboclo,de
47843,faroeste-caboclo,Natal
47844,faroeste-caboclo,No
47845,faroeste-caboclo,Ano
47846,faroeste-caboclo,Novo
47847,faroeste-caboclo,eu
47848,faroeste-caboclo,começo
47849,faroeste-caboclo,a
47850,faroeste-caboclo,trabalhar
47851,faroeste-caboclo,Cortar
47852,faroeste-caboclo,"madeira,"
47853,faroeste-caboclo,aprendiz
47854,faroeste-caboclo,de
47855,faroeste-caboclo,carpinteiro
47856,faroeste-caboclo,Ganhava
47857,faroeste-caboclo,cem
47858,faroeste-caboclo,mil
47859,faroeste-caboclo,por
47860,faroeste-caboclo,mês
47861,faroeste-caboclo,em
47862,faroeste-caboclo,Taguatinga
47863,faroeste-caboclo,Gastar
47864,faroeste-caboclo,todo
47865,faroeste-caboclo,o
47866,faroeste-caboclo,seu
47867,faroeste-caboclo,dinheiro
47868,faroeste-caboclo,de
47869,faroeste-caboclo,rapaz
47870,faroeste-caboclo,trabalhador
47871,faroeste-caboclo,E
47872,faroeste-caboclo,conhecia
47873,faroeste-caboclo,muita
47874,faroeste-caboclo,gente
47875,faroeste-caboclo,interessante
47876,faroeste-caboclo,Até
47877,faroeste-caboclo,um
47878,faroeste-caboclo,neto
47879,faroeste-caboclo,bastardo
47880,faroeste-caboclo,do
47881,faroeste-caboclo,seu
47882,faroeste-caboclo,bisavô
47883,faroeste-caboclo,E
47884,faroeste-caboclo,muitas
47885,faroeste-caboclo,coisas
47886,faroeste-caboclo,trazia
47887,faroeste-caboclo,de
47888,faroeste-caboclo,lá
47889,faroeste-caboclo,Seu
47890,faroeste-caboclo,nome
47891,faroeste-caboclo,era
47892,faroeste-caboclo,Pablo
47893,faroeste-caboclo,e
47894,faroeste-caboclo,ele
47895,faroeste-caboclo,dizia
47896,faroeste-caboclo,Que
47897,faroeste-caboclo,um
47898,faroeste-caboclo,negócio
47899,faroeste-caboclo,ele
47900,faroeste-caboclo,ia
47901,faroeste-caboclo,começar
47902,faroeste-caboclo,Mas
47903,faroeste-caboclo,o
47904,faroeste-caboclo,dinheiro
47905,faroeste-caboclo,não
47906,faroeste-caboclo,dava
47907,faroeste-caboclo,pra
47908,faroeste-caboclo,ele
47909,faroeste-caboclo,se
47910,faroeste-caboclo,alimentar
47911,faroeste-caboclo,E
47912,faroeste-caboclo,ouvia
47913,faroeste-caboclo,às
47914,faroeste-caboclo,sete
47915,faroeste-caboclo,horas
47916,faroeste-caboclo,o
47917,faroeste-caboclo,noticiário
47918,faroeste-caboclo,Que
47919,faroeste-caboclo,sempre
47920,faroeste-caboclo,dizia
47921,faroeste-caboclo,que
47922,faroeste-caboclo,o
47923,faroeste-caboclo,seu
47924,faroeste-caboclo,ministro
47925,faroeste-caboclo,ia
47926,faroeste-caboclo,ajudar
47927,faroeste-caboclo,E
47928,faroeste-caboclo,decidiu
47929,faroeste-caboclo,"que,"
47930,faroeste-caboclo,como
47931,faroeste-caboclo,"Pablo,"
47932,faroeste-caboclo,ele
47933,faroeste-caboclo,iria
47934,faroeste-caboclo,se
47935,faroeste-caboclo,virar
47936,faroeste-caboclo,Elaborou
47937,faroeste-caboclo,mais
47938,faroeste-caboclo,uma
47939,faroeste-caboclo,vez
47940,faroeste-caboclo,seu
47941,faroeste-caboclo,plano
47942,faroeste-caboclo,santo
47943,faroeste-caboclo,E
47944,faroeste-caboclo,sem
47945,faroeste-caboclo,ser
47946,faroeste-caboclo,"crucificado,"
47947,faroeste-caboclo,a
47948,faroeste-caboclo,plantação
47949,faroeste-caboclo,foi
47950,faroeste-caboclo,começar
47951,faroeste-caboclo,Tem
47952,faroeste-caboclo,bagulho
47953,faroeste-caboclo,bom
47954,faroeste-caboclo,aí!
47955,faroeste-caboclo,E
47956,faroeste-caboclo,João
47957,faroeste-caboclo,de
47958,faroeste-caboclo,Santo
47959,faroeste-caboclo,Cristo
47960,faroeste-caboclo,ficou
47961,faroeste-caboclo,rico
47962,faroeste-caboclo,E
47963,faroeste-caboclo,acabou
47964,faroeste-caboclo,com
47965,faroeste-caboclo,todos
47966,faroeste-caboclo,os
47967,faroeste-caboclo,traficantes
47968,faroeste-caboclo,dali
47969,faroeste-caboclo,E
47970,faroeste-caboclo,ia
47971,faroeste-caboclo,pra
47972,faroeste-caboclo,festa
47973,faroeste-caboclo,de
47974,faroeste-caboclo,rock
47975,faroeste-caboclo,pra
47976,faroeste-caboclo,se
47977,faroeste-caboclo,libertar
47978,faroeste-caboclo,Mas
47979,faroeste-caboclo,de
47980,faroeste-caboclo,repente
47981,faroeste-caboclo,Sob
47982,faroeste-caboclo,uma
47983,faroeste-caboclo,má
47984,faroeste-caboclo,influência
47985,faroeste-caboclo,dos
47986,faroeste-caboclo,boyzinhos
47987,faroeste-caboclo,da
47988,faroeste-caboclo,cidade
47989,faroeste-caboclo,Começou
47990,faroeste-caboclo,a
47991,faroeste-caboclo,roubar
47992,faroeste-caboclo,E
47993,faroeste-caboclo,pro
47994,faroeste-caboclo,inferno
47995,faroeste-caboclo,ele
47996,faroeste-caboclo,foi
47997,faroeste-caboclo,pela
47998,faroeste-caboclo,primeira
47999,faroeste-caboclo,vez
48000,faroeste-caboclo,Violência
48001,faroeste-caboclo,e
48002,faroeste-caboclo,estupro
48003,faroeste-caboclo,do
48004,faroeste-caboclo,seu
48005,faroeste-caboclo,corpo
48006,faroeste-caboclo,Vocês
48007,faroeste-caboclo,vão
48008,faroeste-caboclo,"ver,"
48009,faroeste-caboclo,eu
48010,faroeste-caboclo,vou
48011,faroeste-caboclo,pegar
48012,faroeste-caboclo,vocês!
48013,faroeste-caboclo,Destemido
48014,faroeste-caboclo,e
48015,faroeste-caboclo,temido
48016,faroeste-caboclo,no
48017,faroeste-caboclo,Distrito
48018,faroeste-caboclo,Federal
48019,faroeste-caboclo,Não
48020,faroeste-caboclo,tinha
48021,faroeste-caboclo,nenhum
48022,faroeste-caboclo,medo
48023,faroeste-caboclo,de
48024,faroeste-caboclo,polícia
48025,faroeste-caboclo,Capitão
48026,faroeste-caboclo,ou
48027,faroeste-caboclo,"traficante,"
48028,faroeste-caboclo,playboy
48029,faroeste-caboclo,ou
48030,faroeste-caboclo,general
48031,faroeste-caboclo,E
48032,faroeste-caboclo,de
48033,faroeste-caboclo,todos
48034,faroeste-caboclo,os
48035,faroeste-caboclo,seus
48036,faroeste-caboclo,pecados
48037,faroeste-caboclo,ele
48038,faroeste-caboclo,se
48039,faroeste-caboclo,arrependeu
48040,faroeste-caboclo,Maria
48041,faroeste-caboclo,Lúcia
48042,faroeste-caboclo,era
48043,faroeste-caboclo,uma
48044,faroeste-caboclo,menina
48045,faroeste-caboclo,linda
48046,faroeste-caboclo,E
48047,faroeste-caboclo,o
48048,faroeste-caboclo,coração
48049,faroeste-caboclo,"dele,"
48050,faroeste-caboclo,pra
48051,faroeste-caboclo,ela
48052,faroeste-caboclo,o
48053,faroeste-caboclo,Santo
48054,faroeste-caboclo,Cristo
48055,faroeste-caboclo,prometeu
48056,faroeste-caboclo,E
48057,faroeste-caboclo,carpinteiro
48058,faroeste-caboclo,ele
48059,faroeste-caboclo,voltou
48060,faroeste-caboclo,a
48061,faroeste-caboclo,ser
48062,faroeste-caboclo,Maria
48063,faroeste-caboclo,"Lúcia,"
48064,faroeste-caboclo,pra
48065,faroeste-caboclo,sempre
48066,faroeste-caboclo,vou
48067,faroeste-caboclo,te
48068,faroeste-caboclo,amar
48069,faroeste-caboclo,E
48070,faroeste-caboclo,um
48071,faroeste-caboclo,filho
48072,faroeste-caboclo,com
48073,faroeste-caboclo,você
48074,faroeste-caboclo,eu
48075,faroeste-caboclo,quero
48076,faroeste-caboclo,ter
48077,faroeste-caboclo,Um
48078,faroeste-caboclo,senhor
48079,faroeste-caboclo,de
48080,faroeste-caboclo,alta
48081,faroeste-caboclo,classe
48082,faroeste-caboclo,com
48083,faroeste-caboclo,dinheiro
48084,faroeste-caboclo,na
48085,faroeste-caboclo,mão
48086,faroeste-caboclo,E
48087,faroeste-caboclo,ele
48088,faroeste-caboclo,faz
48089,faroeste-caboclo,uma
48090,faroeste-caboclo,proposta
48091,faroeste-caboclo,indecorosa
48092,faroeste-caboclo,E
48093,faroeste-caboclo,diz
48094,faroeste-caboclo,que
48095,faroeste-caboclo,espera
48096,faroeste-caboclo,uma
48097,faroeste-caboclo,"resposta,"
48098,faroeste-caboclo,uma
48099,faroeste-caboclo,resposta
48100,faroeste-caboclo,do
48101,faroeste-caboclo,João
48102,faroeste-caboclo,Nem
48103,faroeste-caboclo,em
48104,faroeste-caboclo,colégio
48105,faroeste-caboclo,de
48106,faroeste-caboclo,"criança,"
48107,faroeste-caboclo,isso
48108,faroeste-caboclo,eu
48109,faroeste-caboclo,não
48110,faroeste-caboclo,"faço,"
48111,faroeste-caboclo,não
48112,faroeste-caboclo,E
48113,faroeste-caboclo,não
48114,faroeste-caboclo,protejo
48115,faroeste-caboclo,general
48116,faroeste-caboclo,de
48117,faroeste-caboclo,dez
48118,faroeste-caboclo,estrelas
48119,faroeste-caboclo,Que
48120,faroeste-caboclo,fica
48121,faroeste-caboclo,atrás
48122,faroeste-caboclo,da
48123,faroeste-caboclo,mesa
48124,faroeste-caboclo,com
48125,faroeste-caboclo,o
48126,faroeste-caboclo,cu
48127,faroeste-caboclo,na
48128,faroeste-caboclo,mão
48129,faroeste-caboclo,Nunca
48130,faroeste-caboclo,brinque
48131,faroeste-caboclo,com
48132,faroeste-caboclo,um
48133,faroeste-caboclo,Peixes
48134,faroeste-caboclo,de
48135,faroeste-caboclo,ascendente
48136,faroeste-caboclo,Escorpião
48137,faroeste-caboclo,Mas
48138,faroeste-caboclo,antes
48139,faroeste-caboclo,de
48140,faroeste-caboclo,"sair,"
48141,faroeste-caboclo,com
48142,faroeste-caboclo,ódio
48143,faroeste-caboclo,no
48144,faroeste-caboclo,"olhar,"
48145,faroeste-caboclo,o
48146,faroeste-caboclo,velho
48147,faroeste-caboclo,disse
48148,faroeste-caboclo,Você
48149,faroeste-caboclo,perdeu
48150,faroeste-caboclo,sua
48151,faroeste-caboclo,"vida,"
48152,faroeste-caboclo,meu
48153,faroeste-caboclo,irmão
48154,faroeste-caboclo,Você
48155,faroeste-caboclo,perdeu
48156,faroeste-caboclo,a
48157,faroeste-caboclo,sua
48158,faroeste-caboclo,"vida,"
48159,faroeste-caboclo,meu
48160,faroeste-caboclo,irmão
48161,faroeste-caboclo,Essas
48162,faroeste-caboclo,palavras
48163,faroeste-caboclo,vão
48164,faroeste-caboclo,entrar
48165,faroeste-caboclo,no
48166,faroeste-caboclo,coração
48167,faroeste-caboclo,Eu
48168,faroeste-caboclo,vou
48169,faroeste-caboclo,sofrer
48170,faroeste-caboclo,as
48171,faroeste-caboclo,consequências
48172,faroeste-caboclo,como
48173,faroeste-caboclo,um
48174,faroeste-caboclo,cão
48175,faroeste-caboclo,Seu
48176,faroeste-caboclo,futuro
48177,faroeste-caboclo,era
48178,faroeste-caboclo,incerto
48179,faroeste-caboclo,e
48180,faroeste-caboclo,ele
48181,faroeste-caboclo,não
48182,faroeste-caboclo,foi
48183,faroeste-caboclo,trabalhar
48184,faroeste-caboclo,Se
48185,faroeste-caboclo,embebedou
48186,faroeste-caboclo,e
48187,faroeste-caboclo,no
48188,faroeste-caboclo,meio
48189,faroeste-caboclo,da
48190,faroeste-caboclo,bebedeira
48191,faroeste-caboclo,Descobriu
48192,faroeste-caboclo,que
48193,faroeste-caboclo,tinha
48194,faroeste-caboclo,outro
48195,faroeste-caboclo,trabalhando
48196,faroeste-caboclo,em
48197,faroeste-caboclo,seu
48198,faroeste-caboclo,lugar
48199,faroeste-caboclo,E
48200,faroeste-caboclo,também
48201,faroeste-caboclo,tinha
48202,faroeste-caboclo,dinheiro
48203,faroeste-caboclo,e
48204,faroeste-caboclo,queria
48205,faroeste-caboclo,se
48206,faroeste-caboclo,armar
48207,faroeste-caboclo,Pablo
48208,faroeste-caboclo,trazia
48209,faroeste-caboclo,o
48210,faroeste-caboclo,contrabando
48211,faroeste-caboclo,da
48212,faroeste-caboclo,Bolívia
48213,faroeste-caboclo,E
48214,faroeste-caboclo,Santo
48215,faroeste-caboclo,Cristo
48216,faroeste-caboclo,revendia
48217,faroeste-caboclo,em
48218,faroeste-caboclo,Planaltina
48219,faroeste-caboclo,Traficante
48220,faroeste-caboclo,de
48221,faroeste-caboclo,"renome,"
48222,faroeste-caboclo,apareceu
48223,faroeste-caboclo,por
48224,faroeste-caboclo,lá
48225,faroeste-caboclo,Ficou
48226,faroeste-caboclo,sabendo
48227,faroeste-caboclo,dos
48228,faroeste-caboclo,planos
48229,faroeste-caboclo,de
48230,faroeste-caboclo,Santo
48231,faroeste-caboclo,Cristo
48232,faroeste-caboclo,E
48233,faroeste-caboclo,decidiu
48234,faroeste-caboclo,que
48235,faroeste-caboclo,com
48236,faroeste-caboclo,João
48237,faroeste-caboclo,ele
48238,faroeste-caboclo,ia
48239,faroeste-caboclo,acabar
48240,faroeste-caboclo,E
48241,faroeste-caboclo,Santo
48242,faroeste-caboclo,Cristo
48243,faroeste-caboclo,já
48244,faroeste-caboclo,sabia
48245,faroeste-caboclo,atirar
48246,faroeste-caboclo,E
48247,faroeste-caboclo,decidiu
48248,faroeste-caboclo,usar
48249,faroeste-caboclo,a
48250,faroeste-caboclo,arma
48251,faroeste-caboclo,só
48252,faroeste-caboclo,depois
48253,faroeste-caboclo,Que
48254,faroeste-caboclo,Jeremias
48255,faroeste-caboclo,começasse
48256,faroeste-caboclo,a
48257,faroeste-caboclo,brigar
48258,faroeste-caboclo,Organizou
48259,faroeste-caboclo,a
48260,faroeste-caboclo,Rockonha
48261,faroeste-caboclo,e
48262,faroeste-caboclo,fez
48263,faroeste-caboclo,todo
48264,faroeste-caboclo,mundo
48265,faroeste-caboclo,dançar
48266,faroeste-caboclo,Desvirginava
48267,faroeste-caboclo,mocinhas
48268,faroeste-caboclo,inocentes
48269,faroeste-caboclo,Se
48270,faroeste-caboclo,dizia
48271,faroeste-caboclo,que
48272,faroeste-caboclo,era
48273,faroeste-caboclo,"crente,"
48274,faroeste-caboclo,mas
48275,faroeste-caboclo,não
48276,faroeste-caboclo,sabia
48277,faroeste-caboclo,rezar
48278,faroeste-caboclo,E
48279,faroeste-caboclo,a
48280,faroeste-caboclo,saudade
48281,faroeste-caboclo,começou
48282,faroeste-caboclo,a
48283,faroeste-caboclo,apertar
48284,faroeste-caboclo,Eu
48285,faroeste-caboclo,vou-me
48286,faroeste-caboclo,"embora,"
48287,faroeste-caboclo,eu
48288,faroeste-caboclo,vou
48289,faroeste-caboclo,ver
48290,faroeste-caboclo,Maria
48291,faroeste-caboclo,Lúcia
48292,faroeste-caboclo,Já
48293,faroeste-caboclo,tá
48294,faroeste-caboclo,em
48295,faroeste-caboclo,tempo
48296,faroeste-caboclo,de
48297,faroeste-caboclo,a
48298,faroeste-caboclo,gente
48299,faroeste-caboclo,se
48300,faroeste-caboclo,casar
48301,faroeste-caboclo,E
48302,faroeste-caboclo,pro
48303,faroeste-caboclo,inferno
48304,faroeste-caboclo,ele
48305,faroeste-caboclo,foi
48306,faroeste-caboclo,pela
48307,faroeste-caboclo,segunda
48308,faroeste-caboclo,vez
48309,faroeste-caboclo,Com
48310,faroeste-caboclo,Maria
48311,faroeste-caboclo,"Lúcia,"
48312,faroeste-caboclo,Jeremias
48313,faroeste-caboclo,se
48314,faroeste-caboclo,casou
48315,faroeste-caboclo,E
48316,faroeste-caboclo,um
48317,faroeste-caboclo,filho
48318,faroeste-caboclo,nela
48319,faroeste-caboclo,ele
48320,faroeste-caboclo,fez
48321,faroeste-caboclo,E
48322,faroeste-caboclo,então
48323,faroeste-caboclo,o
48324,faroeste-caboclo,Jeremias
48325,faroeste-caboclo,pra
48326,faroeste-caboclo,um
48327,faroeste-caboclo,duelo
48328,faroeste-caboclo,ele
48329,faroeste-caboclo,chamou
48330,faroeste-caboclo,Amanhã
48331,faroeste-caboclo,às
48332,faroeste-caboclo,duas
48333,faroeste-caboclo,horas
48334,faroeste-caboclo,na
48335,faroeste-caboclo,Ceilândia
48336,faroeste-caboclo,Em
48337,faroeste-caboclo,frente
48338,faroeste-caboclo,ao
48339,faroeste-caboclo,lote
48340,faroeste-caboclo,"14,"
48341,faroeste-caboclo,e
48342,faroeste-caboclo,é
48343,faroeste-caboclo,pra
48344,faroeste-caboclo,lá
48345,faroeste-caboclo,que
48346,faroeste-caboclo,eu
48347,faroeste-caboclo,vou
48348,faroeste-caboclo,Que
48349,faroeste-caboclo,eu
48350,faroeste-caboclo,acabo
48351,faroeste-caboclo,mesmo
48352,faroeste-caboclo,com
48353,faroeste-caboclo,"você,"
48354,faroeste-caboclo,seu
48355,faroeste-caboclo,porco
48356,faroeste-caboclo,traidor
48357,faroeste-caboclo,E
48358,faroeste-caboclo,mato
48359,faroeste-caboclo,também
48360,faroeste-caboclo,Maria
48361,faroeste-caboclo,Lúcia
48362,faroeste-caboclo,Aquela
48363,faroeste-caboclo,menina
48364,faroeste-caboclo,falsa
48365,faroeste-caboclo,pra
48366,faroeste-caboclo,quem
48367,faroeste-caboclo,jurei
48368,faroeste-caboclo,o
48369,faroeste-caboclo,meu
48370,faroeste-caboclo,amor
48371,faroeste-caboclo,Quando
48372,faroeste-caboclo,viu
48373,faroeste-caboclo,o
48374,faroeste-caboclo,repórter
48375,faroeste-caboclo,da
48376,faroeste-caboclo,televisão
48377,faroeste-caboclo,Que
48378,faroeste-caboclo,deu
48379,faroeste-caboclo,notícia
48380,faroeste-caboclo,do
48381,faroeste-caboclo,duelo
48382,faroeste-caboclo,na
48383,faroeste-caboclo,TV
48384,faroeste-caboclo,Dizendo
48385,faroeste-caboclo,a
48386,faroeste-caboclo,hora
48387,faroeste-caboclo,e
48388,faroeste-caboclo,o
48389,faroeste-caboclo,local
48390,faroeste-caboclo,e
48391,faroeste-caboclo,a
48392,faroeste-caboclo,razão
48393,faroeste-caboclo,Todo
48394,faroeste-caboclo,o
48395,faroeste-caboclo,povo
48396,faroeste-caboclo,sem
48397,faroeste-caboclo,demora
48398,faroeste-caboclo,foi
48399,faroeste-caboclo,lá
48400,faroeste-caboclo,só
48401,faroeste-caboclo,para
48402,faroeste-caboclo,assistir
48403,faroeste-caboclo,Um
48404,faroeste-caboclo,homem
48405,faroeste-caboclo,que
48406,faroeste-caboclo,atirava
48407,faroeste-caboclo,pelas
48408,faroeste-caboclo,costas
48409,faroeste-caboclo,E
48410,faroeste-caboclo,acertou
48411,faroeste-caboclo,o
48412,faroeste-caboclo,Santo
48413,faroeste-caboclo,Cristo
48414,faroeste-caboclo,começou
48415,faroeste-caboclo,a
48416,faroeste-caboclo,sorrir
48417,faroeste-caboclo,João
48418,faroeste-caboclo,olhou
48419,faroeste-caboclo,pras
48420,faroeste-caboclo,bandeirinhas
48421,faroeste-caboclo,e
48422,faroeste-caboclo,pro
48423,faroeste-caboclo,povo
48424,faroeste-caboclo,a
48425,faroeste-caboclo,aplaudir
48426,faroeste-caboclo,E
48427,faroeste-caboclo,olhou
48428,faroeste-caboclo,pro
48429,faroeste-caboclo,sorveteiro
48430,faroeste-caboclo,e
48431,faroeste-caboclo,pras
48432,faroeste-caboclo,câmeras
48433,faroeste-caboclo,E
48434,faroeste-caboclo,a
48435,faroeste-caboclo,gente
48436,faroeste-caboclo,da
48437,faroeste-caboclo,TV
48438,faroeste-caboclo,que
48439,faroeste-caboclo,filmava
48440,faroeste-caboclo,tudo
48441,faroeste-caboclo,ali
48442,faroeste-caboclo,E
48443,faroeste-caboclo,de
48444,faroeste-caboclo,tudo
48445,faroeste-caboclo,o
48446,faroeste-caboclo,que
48447,faroeste-caboclo,vivera
48448,faroeste-caboclo,até
48449,faroeste-caboclo,ali
48450,faroeste-caboclo,E
48451,faroeste-caboclo,decidiu
48452,faroeste-caboclo,entrar
48453,faroeste-caboclo,de
48454,faroeste-caboclo,vez
48455,faroeste-caboclo,naquela
48456,faroeste-caboclo,dança
48457,faroeste-caboclo,Se
48458,faroeste-caboclo,a
48459,faroeste-caboclo,Via-Crucis
48460,faroeste-caboclo,virou
48461,faroeste-caboclo,"circo,"
48462,faroeste-caboclo,estou
48463,faroeste-caboclo,aqui
48464,faroeste-caboclo,E
48465,faroeste-caboclo,então
48466,faroeste-caboclo,Maria
48467,faroeste-caboclo,Lúcia
48468,faroeste-caboclo,ele
48469,faroeste-caboclo,reconheceu
48470,faroeste-caboclo,Ela
48471,faroeste-caboclo,trazia
48472,faroeste-caboclo,a
48473,faroeste-caboclo,Winchester-22
48474,faroeste-caboclo,A
48475,faroeste-caboclo,arma
48476,faroeste-caboclo,que
48477,faroeste-caboclo,seu
48478,faroeste-caboclo,primo
48479,faroeste-caboclo,Pablo
48480,faroeste-caboclo,lhe
48481,faroeste-caboclo,deu
48482,faroeste-caboclo,E
48483,faroeste-caboclo,não
48484,faroeste-caboclo,atiro
48485,faroeste-caboclo,pelas
48486,faroeste-caboclo,"costas,"
48487,faroeste-caboclo,não
48488,faroeste-caboclo,Olha
48489,faroeste-caboclo,pra
48490,faroeste-caboclo,cá
48491,faroeste-caboclo,filha
48492,faroeste-caboclo,da
48493,faroeste-caboclo,"puta,"
48494,faroeste-caboclo,sem-vergonha
48495,faroeste-caboclo,Dá
48496,faroeste-caboclo,uma
48497,faroeste-caboclo,olhada
48498,faroeste-caboclo,no
48499,faroeste-caboclo,meu
48500,faroeste-caboclo,sangue
48501,faroeste-caboclo,e
48502,faroeste-caboclo,vem
48503,faroeste-caboclo,sentir
48504,faroeste-caboclo,o
48505,faroeste-caboclo,teu
48506,faroeste-caboclo,perdão
48507,faroeste-caboclo,Deu
48508,faroeste-caboclo,cinco
48509,faroeste-caboclo,tiros
48510,faroeste-caboclo,no
48511,faroeste-caboclo,bandido
48512,faroeste-caboclo,traidor
48513,faroeste-caboclo,Maria
48514,faroeste-caboclo,Lúcia
48515,faroeste-caboclo,se
48516,faroeste-caboclo,arrependeu
48517,faroeste-caboclo,depois
48518,faroeste-caboclo,E
48519,faroeste-caboclo,morreu
48520,faroeste-caboclo,junto
48521,faroeste-caboclo,com
48522,faroeste-caboclo,"João,"
48523,faroeste-caboclo,seu
48524,faroeste-caboclo,protetor
48525,faroeste-caboclo,Era
48526,faroeste-caboclo,santo
48527,faroeste-caboclo,porque
48528,faroeste-caboclo,sabia
48529,faroeste-caboclo,morrer
48530,faroeste-caboclo,E
48531,faroeste-caboclo,a
48532,faroeste-caboclo,alta
48533,faroeste-caboclo,burguesia
48534,faroeste-caboclo,da
48535,faroeste-caboclo,cidade
48536,faroeste-caboclo,Não
48537,faroeste-caboclo,acreditou
48538,faroeste-caboclo,na
48539,faroeste-caboclo,história
48540,faroeste-caboclo,que
48541,faroeste-caboclo,eles
48542,faroeste-caboclo,viram
48543,faroeste-caboclo,na
48544,faroeste-caboclo,TV
48545,faroeste-caboclo,Quando
48546,faroeste-caboclo,veio
48547,faroeste-caboclo,pra
48548,faroeste-caboclo,Brasília
48549,faroeste-caboclo,com
48550,faroeste-caboclo,o
48551,faroeste-caboclo,diabo
48552,faroeste-caboclo,ter
48553,faroeste-caboclo,Ele
48554,faroeste-caboclo,queria
48555,faroeste-caboclo,era
48556,faroeste-caboclo,falar
48557,faroeste-caboclo,pro
48558,faroeste-caboclo,presidente
48559,faroeste-caboclo,Pra
48560,faroeste-caboclo,ajudar
48561,faroeste-caboclo,toda
48562,faroeste-caboclo,essa
48563,faroeste-caboclo,gente
48564,faroeste-caboclo,que
48565,faroeste-caboclo,só
48566,faroeste-caboclo,faz
48567,faroeste-caboclo,None
48568,fatima,Mas
48569,fatima,não
48570,fatima,sabem
48571,fatima,que
48572,fatima,o
48573,fatima,tempo
48574,fatima,agora
48575,fatima,está
48576,fatima,contra
48577,fatima,vocês
48578,fatima,Vocês
48579,fatima,se
48580,fatima,perdem
48581,fatima,no
48582,fatima,meio
48583,fatima,de
48584,fatima,tanto
48585,fatima,medo
48586,fatima,De
48587,fatima,não
48588,fatima,conseguir
48589,fatima,dinheiro
48590,fatima,pra
48591,fatima,comprar
48592,fatima,sem
48593,fatima,se
48594,fatima,vender
48595,fatima,E
48596,fatima,vocês
48597,fatima,armam
48598,fatima,seus
48599,fatima,esquemas
48600,fatima,ilusórios
48601,fatima,Continuam
48602,fatima,só
48603,fatima,fingindo
48604,fatima,que
48605,fatima,o
48606,fatima,mundo
48607,fatima,ninguém
48608,fatima,fez
48609,fatima,Mas
48610,fatima,acontece
48611,fatima,que
48612,fatima,tudo
48613,fatima,tem
48614,fatima,começo
48615,fatima,Se
48616,fatima,começa
48617,fatima,um
48618,fatima,dia
48619,fatima,"acaba,"
48620,fatima,eu
48621,fatima,tenho
48622,fatima,pena
48623,fatima,de
48624,fatima,vocês
48625,fatima,Bombas
48626,fatima,de
48627,fatima,neutrons
48628,fatima,não
48629,fatima,foi
48630,fatima,Deus
48631,fatima,quem
48632,fatima,fez
48633,fatima,"Alguém,"
48634,fatima,alguém
48635,fatima,um
48636,fatima,dia
48637,fatima,vai
48638,fatima,se
48639,fatima,vingar
48640,fatima,Vocês
48641,fatima,são
48642,fatima,"vermes,"
48643,fatima,pensam
48644,fatima,que
48645,fatima,são
48646,fatima,reis
48647,fatima,Não
48648,fatima,quero
48649,fatima,ser
48650,fatima,que
48651,fatima,nem
48652,fatima,vocês
48653,fatima,Eu
48654,fatima,não
48655,fatima,preciso
48656,fatima,mais
48657,fatima,Eu
48658,fatima,já
48659,fatima,sei
48660,fatima,o
48661,fatima,que
48662,fatima,eu
48663,fatima,tenho
48664,fatima,que
48665,fatima,saber
48666,fatima,E
48667,fatima,agora
48668,fatima,tanto
48669,fatima,faz
48670,fatima,Não
48671,fatima,ouviram
48672,fatima,a
48673,fatima,voz
48674,fatima,suave
48675,fatima,que
48676,fatima,era
48677,fatima,uma
48678,fatima,lágrima
48679,fatima,E
48680,fatima,se
48681,fatima,esqueceram
48682,fatima,de
48683,fatima,avisar
48684,fatima,pra
48685,fatima,todo
48686,fatima,mundo
48687,fatima,Ela
48688,fatima,talvez
48689,fatima,tivesse
48690,fatima,um
48691,fatima,nome
48692,fatima,e
48693,fatima,era:
48694,fatima,Fátima
48695,fatima,E
48696,fatima,de
48697,fatima,repente
48698,fatima,o
48699,fatima,vinho
48700,fatima,virou
48701,fatima,água
48702,fatima,E
48703,fatima,a
48704,fatima,ferida
48705,fatima,não
48706,fatima,cicatrizou
48707,fatima,E
48708,fatima,o
48709,fatima,limpo
48710,fatima,se
48711,fatima,sujou
48712,fatima,E
48713,fatima,no
48714,fatima,terceiro
48715,fatima,dia
48716,fatima,ninguém
48717,fatima,ressuscitou
48718,fatima,None
49502,feedback-song-for-dying-friend,<span
49503,feedback-song-for-dying-friend,"class=""l_row""><span>Touch"
49504,feedback-song-for-dying-friend,the
49505,feedback-song-for-dying-friend,naked
49506,feedback-song-for-dying-friend,stem
49507,feedback-song-for-dying-friend,held
49508,feedback-song-for-dying-friend,hidden
49509,feedback-song-for-dying-friend,there</span></span>
49510,feedback-song-for-dying-friend,<span
49511,feedback-song-for-dying-friend,"class=""l_row""><span>Safe"
49512,feedback-song-for-dying-friend,in
49513,feedback-song-for-dying-friend,such
49514,feedback-song-for-dying-friend,dark
49515,feedback-song-for-dying-friend,hayseed
49516,feedback-song-for-dying-friend,wired
49517,feedback-song-for-dying-friend,nest</span></span>
49518,feedback-song-for-dying-friend,<span
49519,feedback-song-for-dying-friend,"class=""l_row""><span>Then"
49520,feedback-song-for-dying-friend,his
49521,feedback-song-for-dying-friend,light
49522,feedback-song-for-dying-friend,brown
49523,feedback-song-for-dying-friend,eyes
49524,feedback-song-for-dying-friend,are
49525,feedback-song-for-dying-friend,quick</span></span>
49526,feedback-song-for-dying-friend,<span
49527,feedback-song-for-dying-friend,"class=""l_row""><span>Once"
49528,feedback-song-for-dying-friend,touch
49529,feedback-song-for-dying-friend,is
49530,feedback-song-for-dying-friend,what
49531,feedback-song-for-dying-friend,he
49532,feedback-song-for-dying-friend,thought
49533,feedback-song-for-dying-friend,was
49534,feedback-song-for-dying-friend,grip</span></span>
49535,feedback-song-for-dying-friend,<span
49536,feedback-song-for-dying-friend,"class=""l_row""><span>And"
49537,feedback-song-for-dying-friend,"safe,"
49538,feedback-song-for-dying-friend,my
49539,feedback-song-for-dying-friend,hands
49540,feedback-song-for-dying-friend,do
49541,feedback-song-for-dying-friend,seek
49542,feedback-song-for-dying-friend,to
49543,feedback-song-for-dying-friend,gain</span></span>
49544,feedback-song-for-dying-friend,<span
49545,feedback-song-for-dying-friend,"class=""l_row""><span>All"
49546,feedback-song-for-dying-friend,knowledge
49547,feedback-song-for-dying-friend,of
49548,feedback-song-for-dying-friend,my
49549,feedback-song-for-dying-friend,master's
49550,feedback-song-for-dying-friend,manly
49551,feedback-song-for-dying-friend,rain</span></span>
49552,feedback-song-for-dying-friend,<span
49553,feedback-song-for-dying-friend,"class=""l_row""><span>The"
49554,feedback-song-for-dying-friend,scented
49555,feedback-song-for-dying-friend,taste
49556,feedback-song-for-dying-friend,that
49557,feedback-song-for-dying-friend,stills
49558,feedback-song-for-dying-friend,my
49559,feedback-song-for-dying-friend,tongue</span></span>
49560,feedback-song-for-dying-friend,<span
49561,feedback-song-for-dying-friend,"class=""l_row""><span>Is"
49562,feedback-song-for-dying-friend,wrong
49563,feedback-song-for-dying-friend,that
49564,feedback-song-for-dying-friend,is
49565,feedback-song-for-dying-friend,set
49566,feedback-song-for-dying-friend,but
49567,feedback-song-for-dying-friend,not
49568,feedback-song-for-dying-friend,undone</span></span>
49569,feedback-song-for-dying-friend,<span
49570,feedback-song-for-dying-friend,"class=""l_row""><span>And"
49571,feedback-song-for-dying-friend,force
49572,feedback-song-for-dying-friend,all
49573,feedback-song-for-dying-friend,seriousness
49574,feedback-song-for-dying-friend,away</span></span>
49575,feedback-song-for-dying-friend,<span
49576,feedback-song-for-dying-friend,"class=""l_row""><span>He"
49577,feedback-song-for-dying-friend,wades
49578,feedback-song-for-dying-friend,in
49579,feedback-song-for-dying-friend,close
49580,feedback-song-for-dying-friend,waters</span></span>
49581,feedback-song-for-dying-friend,<span
49582,feedback-song-for-dying-friend,"class=""l_row""><span>Deep"
49583,feedback-song-for-dying-friend,sleep
49584,feedback-song-for-dying-friend,alters
49585,feedback-song-for-dying-friend,his
49586,feedback-song-for-dying-friend,senses</span></span>
49587,feedback-song-for-dying-friend,<span
49588,feedback-song-for-dying-friend,"class=""l_row""><span>I"
49589,feedback-song-for-dying-friend,must
49590,feedback-song-for-dying-friend,obey
49591,feedback-song-for-dying-friend,my
49592,feedback-song-for-dying-friend,only
49593,feedback-song-for-dying-friend,rival</span></span>
49594,feedback-song-for-dying-friend,<span
49595,feedback-song-for-dying-friend,"class=""l_row""><span>The"
49596,feedback-song-for-dying-friend,same
49597,feedback-song-for-dying-friend,insane
49598,feedback-song-for-dying-friend,sustain
49599,feedback-song-for-dying-friend,again</span></span>
49600,feedback-song-for-dying-friend,<span
49601,feedback-song-for-dying-friend,"class=""l_row""><span>(The"
49602,feedback-song-for-dying-friend,two
49603,feedback-song-for-dying-friend,of
49604,feedback-song-for-dying-friend,us
49605,feedback-song-for-dying-friend,so
49606,feedback-song-for-dying-friend,close
49607,feedback-song-for-dying-friend,to
49608,feedback-song-for-dying-friend,our
49609,feedback-song-for-dying-friend,own
49610,feedback-song-for-dying-friend,hearts)</span></span>
49611,feedback-song-for-dying-friend,<span
49612,feedback-song-for-dying-friend,"class=""l_row""><span>I"
49613,feedback-song-for-dying-friend,silence
49614,feedback-song-for-dying-friend,and
49615,feedback-song-for-dying-friend,wrote</span></span>
49616,feedback-song-for-dying-friend,<span
49617,feedback-song-for-dying-friend,"class=""l_row""><span>This"
49618,feedback-song-for-dying-friend,awe
49619,feedback-song-for-dying-friend,of
49620,feedback-song-for-dying-friend,coincidence</span></span>
49621,feedback-song-for-dying-friend,None
49622,feedback-song-for-dying-friend,<span
49623,feedback-song-for-dying-friend,"class=""l_row""><span>Toca"
49624,feedback-song-for-dying-friend,o
49625,feedback-song-for-dying-friend,talo
49626,feedback-song-for-dying-friend,nu
49627,feedback-song-for-dying-friend,ali
49628,feedback-song-for-dying-friend,escondido</span></span>
49629,feedback-song-for-dying-friend,<span
49630,feedback-song-for-dying-friend,"class=""l_row""><span>Protegido"
49631,feedback-song-for-dying-friend,nesse
49632,feedback-song-for-dying-friend,ninho
49633,feedback-song-for-dying-friend,farpado
49634,feedback-song-for-dying-friend,sombria
49635,feedback-song-for-dying-friend,semente</span></span>
49636,feedback-song-for-dying-friend,<span
49637,feedback-song-for-dying-friend,"class=""l_row""><span>Então"
49638,feedback-song-for-dying-friend,seus
49639,feedback-song-for-dying-friend,olhos
49640,feedback-song-for-dying-friend,castanhos
49641,feedback-song-for-dying-friend,ficam
49642,feedback-song-for-dying-friend,vivos</span></span>
49643,feedback-song-for-dying-friend,<span
49644,feedback-song-for-dying-friend,"class=""l_row""><span>Antes"
49645,feedback-song-for-dying-friend,afagado
49646,feedback-song-for-dying-friend,o
49647,feedback-song-for-dying-friend,que
49648,feedback-song-for-dying-friend,pensou
49649,feedback-song-for-dying-friend,ser
49650,feedback-song-for-dying-friend,dominante.
49651,feedback-song-for-dying-friend,</span></span>
49652,feedback-song-for-dying-friend,<span
49653,feedback-song-for-dying-friend,"class=""l_row""><span>E"
49654,feedback-song-for-dying-friend,seguras;
49655,feedback-song-for-dying-friend,minhas
49656,feedback-song-for-dying-friend,mãos
49657,feedback-song-for-dying-friend,buscam
49658,feedback-song-for-dying-friend,se
49659,feedback-song-for-dying-friend,impor.</span></span>
49660,feedback-song-for-dying-friend,<span
49661,feedback-song-for-dying-friend,"class=""l_row""><span>Todo"
49662,feedback-song-for-dying-friend,conhecimento
49663,feedback-song-for-dying-friend,do
49664,feedback-song-for-dying-friend,jorro
49665,feedback-song-for-dying-friend,viril
49666,feedback-song-for-dying-friend,do
49667,feedback-song-for-dying-friend,meu
49668,feedback-song-for-dying-friend,senhor</span></span>
49669,feedback-song-for-dying-friend,<span
49670,feedback-song-for-dying-friend,"class=""l_row""><span>O"
49671,feedback-song-for-dying-friend,gosto
49672,feedback-song-for-dying-friend,perfumado
49673,feedback-song-for-dying-friend,que
49674,feedback-song-for-dying-friend,retém
49675,feedback-song-for-dying-friend,minha
49676,feedback-song-for-dying-friend,língua</span></span>
49677,feedback-song-for-dying-friend,<span
49678,feedback-song-for-dying-friend,"class=""l_row""><span>É"
49679,feedback-song-for-dying-friend,engano
49680,feedback-song-for-dying-friend,instalado
49681,feedback-song-for-dying-friend,e
49682,feedback-song-for-dying-friend,não
49683,feedback-song-for-dying-friend,desfeito</span></span>
49684,feedback-song-for-dying-friend,<span
49685,feedback-song-for-dying-friend,"class=""l_row""><span>E"
49686,feedback-song-for-dying-friend,força
49687,feedback-song-for-dying-friend,toda
49688,feedback-song-for-dying-friend,seriedade
49689,feedback-song-for-dying-friend,a
49690,feedback-song-for-dying-friend,partir.</span></span>
49691,feedback-song-for-dying-friend,<span
49692,feedback-song-for-dying-friend,"class=""l_row""><span>Ele"
49693,feedback-song-for-dying-friend,vadeia
49694,feedback-song-for-dying-friend,em
49695,feedback-song-for-dying-friend,águas
49696,feedback-song-for-dying-friend,fechadas</span></span>
49697,feedback-song-for-dying-friend,<span
49698,feedback-song-for-dying-friend,"class=""l_row""><span>Sono"
49699,feedback-song-for-dying-friend,profundo
49700,feedback-song-for-dying-friend,altera
49701,feedback-song-for-dying-friend,seus
49702,feedback-song-for-dying-friend,sentidos</span></span>
49703,feedback-song-for-dying-friend,<span
49704,feedback-song-for-dying-friend,"class=""l_row""><span>A"
49705,feedback-song-for-dying-friend,meu
49706,feedback-song-for-dying-friend,único
49707,feedback-song-for-dying-friend,rival
49708,feedback-song-for-dying-friend,eu
49709,feedback-song-for-dying-friend,devo
49710,feedback-song-for-dying-friend,obedecer</span></span>
49711,feedback-song-for-dying-friend,<span
49712,feedback-song-for-dying-friend,"class=""l_row""><span>O"
49713,feedback-song-for-dying-friend,mesmo
49714,feedback-song-for-dying-friend,insano
49715,feedback-song-for-dying-friend,sustenta
49716,feedback-song-for-dying-friend,outra
49717,feedback-song-for-dying-friend,vez</span></span>
49718,feedback-song-for-dying-friend,<span
49719,feedback-song-for-dying-friend,"class=""l_row""><span>(Os"
49720,feedback-song-for-dying-friend,dois
49721,feedback-song-for-dying-friend,juntos
49722,feedback-song-for-dying-friend,junto
49723,feedback-song-for-dying-friend,de
49724,feedback-song-for-dying-friend,nossos
49725,feedback-song-for-dying-friend,próprios
49726,feedback-song-for-dying-friend,corações)</span></span>
49727,feedback-song-for-dying-friend,<span
49728,feedback-song-for-dying-friend,"class=""l_row""><span>Calei"
49729,feedback-song-for-dying-friend,e
49730,feedback-song-for-dying-friend,escrevi</span></span>
49731,feedback-song-for-dying-friend,<span
49732,feedback-song-for-dying-friend,"class=""l_row""><span>Isto"
49733,feedback-song-for-dying-friend,em
49734,feedback-song-for-dying-friend,reverência
49735,feedback-song-for-dying-friend,pela
49736,feedback-song-for-dying-friend,coincidência.</span></span>
49737,feedback-song-for-dying-friend,None
50436,gente-humilde,E
50437,gente-humilde,sinto
50438,gente-humilde,assim
50439,gente-humilde,todo
50440,gente-humilde,o
50441,gente-humilde,meu
50442,gente-humilde,peito
50443,gente-humilde,se
50444,gente-humilde,apertar
50445,gente-humilde,Porque
50446,gente-humilde,parece
50447,gente-humilde,que
50448,gente-humilde,acontece
50449,gente-humilde,de
50450,gente-humilde,repente
50451,gente-humilde,Como
50452,gente-humilde,um
50453,gente-humilde,desejo
50454,gente-humilde,de
50455,gente-humilde,eu
50456,gente-humilde,viver
50457,gente-humilde,sem
50458,gente-humilde,me
50459,gente-humilde,notar
50460,gente-humilde,Eu
50461,gente-humilde,muito
50462,gente-humilde,"bem,"
50463,gente-humilde,vindo
50464,gente-humilde,de
50465,gente-humilde,trem
50466,gente-humilde,de
50467,gente-humilde,algum
50468,gente-humilde,lugar
50469,gente-humilde,E
50470,gente-humilde,aí
50471,gente-humilde,me
50472,gente-humilde,dá
50473,gente-humilde,como
50474,gente-humilde,uma
50475,gente-humilde,inveja
50476,gente-humilde,dessa
50477,gente-humilde,gente
50478,gente-humilde,Que
50479,gente-humilde,vai
50480,gente-humilde,em
50481,gente-humilde,frente
50482,gente-humilde,sem
50483,gente-humilde,nem
50484,gente-humilde,ter
50485,gente-humilde,com
50486,gente-humilde,quem
50487,gente-humilde,contar
50488,gente-humilde,E
50489,gente-humilde,na
50490,gente-humilde,fachada
50491,gente-humilde,escrito
50492,gente-humilde,em
50493,gente-humilde,cima
50494,gente-humilde,que
50495,gente-humilde,é
50496,gente-humilde,um
50497,gente-humilde,lar
50498,gente-humilde,Pela
50499,gente-humilde,"varanda,"
50500,gente-humilde,flores
50501,gente-humilde,tristes
50502,gente-humilde,e
50503,gente-humilde,baldias
50504,gente-humilde,Como
50505,gente-humilde,a
50506,gente-humilde,alegria
50507,gente-humilde,que
50508,gente-humilde,não
50509,gente-humilde,tem
50510,gente-humilde,onde
50511,gente-humilde,encostar
50512,gente-humilde,Feito
50513,gente-humilde,um
50514,gente-humilde,despeito
50515,gente-humilde,de
50516,gente-humilde,eu
50517,gente-humilde,não
50518,gente-humilde,ter
50519,gente-humilde,como
50520,gente-humilde,lutar
50521,gente-humilde,E
50522,gente-humilde,eu
50523,gente-humilde,que
50524,gente-humilde,não
50525,gente-humilde,"creio,"
50526,gente-humilde,peço
50527,gente-humilde,a
50528,gente-humilde,Deus
50529,gente-humilde,por
50530,gente-humilde,minha
50531,gente-humilde,gente
50532,gente-humilde,É
50533,gente-humilde,gente
50534,gente-humilde,"humilde,"
50535,gente-humilde,que
50536,gente-humilde,vontade
50537,gente-humilde,de
50538,gente-humilde,chorar
50539,gente-humilde,None
51370,geracao-coca-cola,A
51371,geracao-coca-cola,receber
51372,geracao-coca-cola,o
51373,geracao-coca-cola,que
51374,geracao-coca-cola,vocês
51375,geracao-coca-cola,Nos
51376,geracao-coca-cola,empurraram
51377,geracao-coca-cola,com
51378,geracao-coca-cola,os
51379,geracao-coca-cola,enlatados
51380,geracao-coca-cola,Dos
51381,geracao-coca-cola,"U.S.A.,"
51382,geracao-coca-cola,de
51383,geracao-coca-cola,nove
51384,geracao-coca-cola,às
51385,geracao-coca-cola,seis
51386,geracao-coca-cola,Comercial
51387,geracao-coca-cola,e
51388,geracao-coca-cola,industrial
51389,geracao-coca-cola,Mas
51390,geracao-coca-cola,agora
51391,geracao-coca-cola,chegou
51392,geracao-coca-cola,nossa
51393,geracao-coca-cola,vez
51394,geracao-coca-cola,Vamos
51395,geracao-coca-cola,cuspir
51396,geracao-coca-cola,de
51397,geracao-coca-cola,volta
51398,geracao-coca-cola,o
51399,geracao-coca-cola,lixo
51400,geracao-coca-cola,em
51401,geracao-coca-cola,cima
51402,geracao-coca-cola,de
51403,geracao-coca-cola,vocês
51404,geracao-coca-cola,Somos
51405,geracao-coca-cola,burgueses
51406,geracao-coca-cola,sem
51407,geracao-coca-cola,religião
51408,geracao-coca-cola,Somos
51409,geracao-coca-cola,o
51410,geracao-coca-cola,futuro
51411,geracao-coca-cola,da
51412,geracao-coca-cola,nação
51413,geracao-coca-cola,Geração
51414,geracao-coca-cola,Coca-Cola
51415,geracao-coca-cola,Não
51416,geracao-coca-cola,é
51417,geracao-coca-cola,difícil
51418,geracao-coca-cola,aprender
51419,geracao-coca-cola,Todas
51420,geracao-coca-cola,as
51421,geracao-coca-cola,manhas
51422,geracao-coca-cola,do
51423,geracao-coca-cola,seu
51424,geracao-coca-cola,jogo
51425,geracao-coca-cola,sujo
51426,geracao-coca-cola,Não
51427,geracao-coca-cola,é
51428,geracao-coca-cola,assim
51429,geracao-coca-cola,que
51430,geracao-coca-cola,tem
51431,geracao-coca-cola,que
51432,geracao-coca-cola,ser
51433,geracao-coca-cola,E
51434,geracao-coca-cola,aí
51435,geracao-coca-cola,então
51436,geracao-coca-cola,vocês
51437,geracao-coca-cola,vão
51438,geracao-coca-cola,ver
51439,geracao-coca-cola,Suas
51440,geracao-coca-cola,crianças
51441,geracao-coca-cola,derrubando
51442,geracao-coca-cola,reis
51443,geracao-coca-cola,Fazer
51444,geracao-coca-cola,comédia
51445,geracao-coca-cola,no
51446,geracao-coca-cola,cinema
51447,geracao-coca-cola,com
51448,geracao-coca-cola,as
51449,geracao-coca-cola,suas
51450,geracao-coca-cola,leis
51451,geracao-coca-cola,Somos
51452,geracao-coca-cola,burgueses
51453,geracao-coca-cola,sem
51454,geracao-coca-cola,religião
51455,geracao-coca-cola,Somos
51456,geracao-coca-cola,o
51457,geracao-coca-cola,futuro
51458,geracao-coca-cola,da
51459,geracao-coca-cola,nação
51460,geracao-coca-cola,Geração
51461,geracao-coca-cola,Coca-Cola
51462,geracao-coca-cola,Geração
51463,geracao-coca-cola,Coca-Cola
51464,geracao-coca-cola,Geração
51465,geracao-coca-cola,Coca-Cola
51466,geracao-coca-cola,Geração
51467,geracao-coca-cola,Coca-Cola
51468,geracao-coca-cola,Não
51469,geracao-coca-cola,é
51470,geracao-coca-cola,difícil
51471,geracao-coca-cola,aprender
51472,geracao-coca-cola,Todas
51473,geracao-coca-cola,as
51474,geracao-coca-cola,manhas
51475,geracao-coca-cola,do
51476,geracao-coca-cola,seu
51477,geracao-coca-cola,jogo
51478,geracao-coca-cola,sujo
51479,geracao-coca-cola,Não
51480,geracao-coca-cola,é
51481,geracao-coca-cola,assim
51482,geracao-coca-cola,que
51483,geracao-coca-cola,tem
51484,geracao-coca-cola,que
51485,geracao-coca-cola,ser
51486,geracao-coca-cola,E
51487,geracao-coca-cola,aí
51488,geracao-coca-cola,então
51489,geracao-coca-cola,vocês
51490,geracao-coca-cola,vão
51491,geracao-coca-cola,ver
51492,geracao-coca-cola,Suas
51493,geracao-coca-cola,crianças
51494,geracao-coca-cola,derrubando
51495,geracao-coca-cola,reis
51496,geracao-coca-cola,Fazer
51497,geracao-coca-cola,comédia
51498,geracao-coca-cola,no
51499,geracao-coca-cola,cinema
51500,geracao-coca-cola,com
51501,geracao-coca-cola,as
51502,geracao-coca-cola,suas
51503,geracao-coca-cola,leis
51504,geracao-coca-cola,Somos
51505,geracao-coca-cola,burgueses
51506,geracao-coca-cola,sem
51507,geracao-coca-cola,religião
51508,geracao-coca-cola,Somos
51509,geracao-coca-cola,o
51510,geracao-coca-cola,futuro
51511,geracao-coca-cola,da
51512,geracao-coca-cola,nação
51513,geracao-coca-cola,Geração
51514,geracao-coca-cola,Coca-cola
51515,geracao-coca-cola,Geração
51516,geracao-coca-cola,Coca-cola
51517,geracao-coca-cola,Geração
51518,geracao-coca-cola,Coca-cola
51519,geracao-coca-cola,Geração
51520,geracao-coca-cola,Coca-cola
51521,geracao-coca-cola,None
52304,gimme-shelter,<span
52305,gimme-shelter,"class=""l_row""><span>Come'on"
52306,gimme-shelter,babe
52307,gimme-shelter,gimme
52308,gimme-shelter,shelter
52309,gimme-shelter,or
52310,gimme-shelter,"else,"
52311,gimme-shelter,I'm
52312,gimme-shelter,gonna
52313,gimme-shelter,fade
52314,gimme-shelter,away.
52315,gimme-shelter,</span></span>
52316,gimme-shelter,<span
52317,gimme-shelter,"class=""l_row""><span>Ooh,"
52318,gimme-shelter,see
52319,gimme-shelter,a
52320,gimme-shelter,storm
52321,gimme-shelter,it's
52322,gimme-shelter,threat'ning
52323,gimme-shelter,my
52324,gimme-shelter,very
52325,gimme-shelter,life
52326,gimme-shelter,today.
52327,gimme-shelter,</span></span>
52328,gimme-shelter,<span
52329,gimme-shelter,"class=""l_row""><span>Burns"
52330,gimme-shelter,like
52331,gimme-shelter,a
52332,gimme-shelter,red
52333,gimme-shelter,coal
52334,gimme-shelter,carpet
52335,gimme-shelter,mad
52336,gimme-shelter,bull
52337,gimme-shelter,lost
52338,gimme-shelter,its
52339,gimme-shelter,way.
52340,gimme-shelter,</span></span>
52341,gimme-shelter,<span
52342,gimme-shelter,"class=""l_row""><span>Love"
52343,gimme-shelter,sister
52344,gimme-shelter,it's
52345,gimme-shelter,just
52346,gimme-shelter,a
52347,gimme-shelter,shot
52348,gimme-shelter,away
52349,gimme-shelter,It's
52350,gimme-shelter,just
52351,gimme-shelter,a
52352,gimme-shelter,shot
52353,gimme-shelter,away
52354,gimme-shelter,</span></span>
52355,gimme-shelter,<span
52356,gimme-shelter,"class=""l_row""><span>Love"
52357,gimme-shelter,sister
52358,gimme-shelter,it's
52359,gimme-shelter,just
52360,gimme-shelter,a
52361,gimme-shelter,shot
52362,gimme-shelter,away
52363,gimme-shelter,It's
52364,gimme-shelter,just
52365,gimme-shelter,a
52366,gimme-shelter,shot
52367,gimme-shelter,away
52368,gimme-shelter,</span></span>
52369,gimme-shelter,<span
52370,gimme-shelter,"class=""l_row""><span>War"
52371,gimme-shelter,sister
52372,gimme-shelter,it's
52373,gimme-shelter,just
52374,gimme-shelter,a
52375,gimme-shelter,shot
52376,gimme-shelter,away
52377,gimme-shelter,It's
52378,gimme-shelter,just
52379,gimme-shelter,a
52380,gimme-shelter,shot
52381,gimme-shelter,away
52382,gimme-shelter,</span></span>
52383,gimme-shelter,<span
52384,gimme-shelter,"class=""l_row""><span>It's"
52385,gimme-shelter,just
52386,gimme-shelter,a
52387,gimme-shelter,shot
52388,gimme-shelter,away
52389,gimme-shelter,It's
52390,gimme-shelter,just
52391,gimme-shelter,a
52392,gimme-shelter,shot
52393,gimme-shelter,away
52394,gimme-shelter,</span></span>
52395,gimme-shelter,<span
52396,gimme-shelter,"class=""l_row""><span>It's"
52397,gimme-shelter,just
52398,gimme-shelter,a
52399,gimme-shelter,shot
52400,gimme-shelter,away
52401,gimme-shelter,It's
52402,gimme-shelter,just
52403,gimme-shelter,a
52404,gimme-shelter,shot
52405,gimme-shelter,away
52406,gimme-shelter,</span></span>
52407,gimme-shelter,<span
52408,gimme-shelter,"class=""l_row""><span>Love"
52409,gimme-shelter,sister
52410,gimme-shelter,it's
52411,gimme-shelter,just
52412,gimme-shelter,a
52413,gimme-shelter,kiss
52414,gimme-shelter,away
52415,gimme-shelter,It's
52416,gimme-shelter,just
52417,gimme-shelter,a
52418,gimme-shelter,kiss
52419,gimme-shelter,away
52420,gimme-shelter,</span></span>
52421,gimme-shelter,<span
52422,gimme-shelter,"class=""l_row""><span>It's"
52423,gimme-shelter,just
52424,gimme-shelter,a
52425,gimme-shelter,kiss
52426,gimme-shelter,away
52427,gimme-shelter,Kiss
52428,gimme-shelter,away
52429,gimme-shelter,kiss
52430,gimme-shelter,away
52431,gimme-shelter,Kiss
52432,gimme-shelter,away
52433,gimme-shelter,kiss
52434,gimme-shelter,away
52435,gimme-shelter,Kiss
52436,gimme-shelter,away
52437,gimme-shelter,kiss
52438,gimme-shelter,away
52439,gimme-shelter,</span></span>
52440,gimme-shelter,<span
52441,gimme-shelter,"class=""l_row""><span>See"
52442,gimme-shelter,the
52443,gimme-shelter,fire
52444,gimme-shelter,burning
52445,gimme-shelter,down
52446,gimme-shelter,my
52447,gimme-shelter,soul
52448,gimme-shelter,</span></span>
52449,gimme-shelter,<span
52450,gimme-shelter,"class=""l_row""><span>See"
52451,gimme-shelter,the
52452,gimme-shelter,fire
52453,gimme-shelter,burning
52454,gimme-shelter,down
52455,gimme-shelter,my
52456,gimme-shelter,soul
52457,gimme-shelter,</span></span>
52458,gimme-shelter,<span
52459,gimme-shelter,"class=""l_row""><span>See"
52460,gimme-shelter,the
52461,gimme-shelter,fire
52462,gimme-shelter,burning
52463,gimme-shelter,down
52464,gimme-shelter,my
52465,gimme-shelter,soul
52466,gimme-shelter,</span></span>
52467,gimme-shelter,<span
52468,gimme-shelter,"class=""l_row""><span>See"
52469,gimme-shelter,the
52470,gimme-shelter,fire
52471,gimme-shelter,and
52472,gimme-shelter,there's
52473,gimme-shelter,no
52474,gimme-shelter,fucking
52475,gimme-shelter,place
52476,gimme-shelter,to
52477,gimme-shelter,go</span></span>
52478,gimme-shelter,<span
52479,gimme-shelter,"class=""l_row""><span>Where"
52480,gimme-shelter,are
52481,gimme-shelter,the
52482,gimme-shelter,drugs?
52483,gimme-shelter,Where
52484,gimme-shelter,are
52485,gimme-shelter,the
52486,gimme-shelter,drugs?
52487,gimme-shelter,</span></span>
52488,gimme-shelter,<span
52489,gimme-shelter,"class=""l_row""><span>Where"
52490,gimme-shelter,are
52491,gimme-shelter,the
52492,gimme-shelter,drugs?
52493,gimme-shelter,Where
52494,gimme-shelter,are
52495,gimme-shelter,the
52496,gimme-shelter,drugs?
52497,gimme-shelter,</span></span>
52498,gimme-shelter,<span
52499,gimme-shelter,"class=""l_row""><span>Gimme"
52500,gimme-shelter,Shelter
52501,gimme-shelter,</span></span>
52502,gimme-shelter,<span
52503,gimme-shelter,"class=""l_row""><span>Come'on"
52504,gimme-shelter,babe
52505,gimme-shelter,gimme
52506,gimme-shelter,shelter
52507,gimme-shelter,tonight
52508,gimme-shelter,</span></span>
52509,gimme-shelter,<span
52510,gimme-shelter,"class=""l_row""><span>Yeah,"
52511,gimme-shelter,Burns
52512,gimme-shelter,Like
52513,gimme-shelter,a
52514,gimme-shelter,red
52515,gimme-shelter,coal
52516,gimme-shelter,carpet
52517,gimme-shelter,</span></span>
52518,gimme-shelter,<span
52519,gimme-shelter,"class=""l_row""><span>Burns"
52520,gimme-shelter,like
52521,gimme-shelter,a
52522,gimme-shelter,red
52523,gimme-shelter,coal
52524,gimme-shelter,carpet
52525,gimme-shelter,</span></span>
52526,gimme-shelter,<span
52527,gimme-shelter,"class=""l_row""><span>Burns"
52528,gimme-shelter,like
52529,gimme-shelter,a
52530,gimme-shelter,red
52531,gimme-shelter,coal
52532,gimme-shelter,"carpet,"
52533,gimme-shelter,</span></span>
52534,gimme-shelter,<span
52535,gimme-shelter,"class=""l_row""><span>yeah,"
52536,gimme-shelter,"yeah,"
52537,gimme-shelter,yeah</span></span>
52538,gimme-shelter,<span
52539,gimme-shelter,"class=""l_row""><span>See"
52540,gimme-shelter,a
52541,gimme-shelter,storm
52542,gimme-shelter,it's
52543,gimme-shelter,threat'ning
52544,gimme-shelter,</span></span>
52545,gimme-shelter,<span
52546,gimme-shelter,"class=""l_row""><span>My"
52547,gimme-shelter,very
52548,gimme-shelter,"life,"
52549,gimme-shelter,my
52550,gimme-shelter,very
52551,gimme-shelter,"life,"
52552,gimme-shelter,yeah
52553,gimme-shelter,</span></span>
52554,gimme-shelter,<span
52555,gimme-shelter,"class=""l_row""><span>Come"
52556,gimme-shelter,on
52557,gimme-shelter,come
52558,gimme-shelter,on
52559,gimme-shelter,come
52560,gimme-shelter,on
52561,gimme-shelter,</span></span>
52562,gimme-shelter,<span
52563,gimme-shelter,"class=""l_row""><span>Gimme"
52564,gimme-shelter,"Shelter,"
52565,gimme-shelter,Gimme
52566,gimme-shelter,"Shelter,"
52567,gimme-shelter,Gimme
52568,gimme-shelter,Shelter
52569,gimme-shelter,</span></span>
52570,gimme-shelter,<span
52571,gimme-shelter,"class=""l_row""><span>cedo"
52572,gimme-shelter,-
52573,gimme-shelter,My
52574,gimme-shelter,very
52575,gimme-shelter,streets
52576,gimme-shelter,today
52577,gimme-shelter,</span></span>
52578,gimme-shelter,<span
52579,gimme-shelter,"class=""l_row""><span>cedo"
52580,gimme-shelter,-
52581,gimme-shelter,Where
52582,gimme-shelter,are
52583,gimme-shelter,the
52584,gimme-shelter,fucking
52585,gimme-shelter,drugs?</span></span>
52586,gimme-shelter,<span
52587,gimme-shelter,"class=""l_row""><span>cedo</span></span>"
52588,gimme-shelter,None
52589,gimme-shelter,<span
52590,gimme-shelter,"class=""l_row""><span>Me"
52591,gimme-shelter,dê
52592,gimme-shelter,abrigo
52593,gimme-shelter,esta
52594,gimme-shelter,"noite,"
52595,gimme-shelter,ou
52596,gimme-shelter,desaparecerei.</span></span>
52597,gimme-shelter,<span
52598,gimme-shelter,"class=""l_row""><span>Ooh,"
52599,gimme-shelter,veja
52600,gimme-shelter,uma
52601,gimme-shelter,tempestade
52602,gimme-shelter,está
52603,gimme-shelter,ameaçando
52604,gimme-shelter,acabar
52605,gimme-shelter,com
52606,gimme-shelter,minha
52607,gimme-shelter,vida
52608,gimme-shelter,hoje.</span></span>
52609,gimme-shelter,<span
52610,gimme-shelter,"class=""l_row""><span>Queima"
52611,gimme-shelter,como
52612,gimme-shelter,um
52613,gimme-shelter,tapete
52614,gimme-shelter,vermelho
52615,gimme-shelter,de
52616,gimme-shelter,carvão
52617,gimme-shelter,Touros
52618,gimme-shelter,enfurecidos
52619,gimme-shelter,que
52620,gimme-shelter,perderam
52621,gimme-shelter,sua
52622,gimme-shelter,maneira.</span></span>
52623,gimme-shelter,<span
52624,gimme-shelter,"class=""l_row""><span>Irmã,"
52625,gimme-shelter,amor
52626,gimme-shelter,é
52627,gimme-shelter,apenas
52628,gimme-shelter,uma
52629,gimme-shelter,bala
52630,gimme-shelter,"perdida,"
52631,gimme-shelter,Isto
52632,gimme-shelter,é
52633,gimme-shelter,apenas
52634,gimme-shelter,uma
52635,gimme-shelter,bala
52636,gimme-shelter,perdida</span></span>
52637,gimme-shelter,<span
52638,gimme-shelter,"class=""l_row""><span>Irmã,"
52639,gimme-shelter,amor
52640,gimme-shelter,é
52641,gimme-shelter,apenas
52642,gimme-shelter,uma
52643,gimme-shelter,bala
52644,gimme-shelter,"perdida,"
52645,gimme-shelter,Isto
52646,gimme-shelter,é
52647,gimme-shelter,apenas
52648,gimme-shelter,uma
52649,gimme-shelter,bala
52650,gimme-shelter,perdida</span></span>
52651,gimme-shelter,<span
52652,gimme-shelter,"class=""l_row""><span>Guerra,"
52653,gimme-shelter,"Irmã,"
52654,gimme-shelter,é
52655,gimme-shelter,apenas
52656,gimme-shelter,uma
52657,gimme-shelter,bala
52658,gimme-shelter,"perdida,"
52659,gimme-shelter,Isto
52660,gimme-shelter,é
52661,gimme-shelter,apenas
52662,gimme-shelter,uma
52663,gimme-shelter,bala
52664,gimme-shelter,perdida</span></span>
52665,gimme-shelter,<span
52666,gimme-shelter,"class=""l_row""><span>É"
52667,gimme-shelter,apenas
52668,gimme-shelter,uma
52669,gimme-shelter,bala
52670,gimme-shelter,"perdida,"
52671,gimme-shelter,apenas
52672,gimme-shelter,uma
52673,gimme-shelter,bala
52674,gimme-shelter,perdida.</span></span>
52675,gimme-shelter,<span
52676,gimme-shelter,"class=""l_row""><span>É"
52677,gimme-shelter,apenas
52678,gimme-shelter,uma
52679,gimme-shelter,bala
52680,gimme-shelter,"perdida,"
52681,gimme-shelter,apenas
52682,gimme-shelter,uma
52683,gimme-shelter,bala
52684,gimme-shelter,perdida.</span></span>
52685,gimme-shelter,<span
52686,gimme-shelter,"class=""l_row""><span>Irmã,"
52687,gimme-shelter,amor
52688,gimme-shelter,é
52689,gimme-shelter,apenas
52690,gimme-shelter,um
52691,gimme-shelter,beijo
52692,gimme-shelter,perdido
52693,gimme-shelter,É
52694,gimme-shelter,apenas
52695,gimme-shelter,um
52696,gimme-shelter,beijo
52697,gimme-shelter,perdido</span></span>
52698,gimme-shelter,<span
52699,gimme-shelter,"class=""l_row""><span>É"
52700,gimme-shelter,apenas
52701,gimme-shelter,um
52702,gimme-shelter,beijo
52703,gimme-shelter,"perdido,"
52704,gimme-shelter,um
52705,gimme-shelter,beijo
52706,gimme-shelter,"perdido,um"
52707,gimme-shelter,beijo
52708,gimme-shelter,"perdido,"
52709,gimme-shelter,um
52710,gimme-shelter,beijo
52711,gimme-shelter,"perdido,"
52712,gimme-shelter,beijo
52713,gimme-shelter,"perdido,"
52714,gimme-shelter,beijo
52715,gimme-shelter,perdido.</span></span>
52716,gimme-shelter,<span
52717,gimme-shelter,"class=""l_row""><span>Veja"
52718,gimme-shelter,o
52719,gimme-shelter,fogo
52720,gimme-shelter,queimando
52721,gimme-shelter,minha
52722,gimme-shelter,alma</span></span>
52723,gimme-shelter,<span
52724,gimme-shelter,"class=""l_row""><span>Veja"
52725,gimme-shelter,o
52726,gimme-shelter,fogo
52727,gimme-shelter,queimando
52728,gimme-shelter,minha
52729,gimme-shelter,alma</span></span>
52730,gimme-shelter,<span
52731,gimme-shelter,"class=""l_row""><span>Veja"
52732,gimme-shelter,o
52733,gimme-shelter,fogo
52734,gimme-shelter,queimando
52735,gimme-shelter,minha
52736,gimme-shelter,alma</span></span>
52737,gimme-shelter,<span
52738,gimme-shelter,"class=""l_row""><span>Veja"
52739,gimme-shelter,o
52740,gimme-shelter,fogo
52741,gimme-shelter,e
52742,gimme-shelter,não
52743,gimme-shelter,há
52744,gimme-shelter,nenhum
52745,gimme-shelter,lugar
52746,gimme-shelter,para
52747,gimme-shelter,ir
52748,gimme-shelter,porra</span></span>
52749,gimme-shelter,<span
52750,gimme-shelter,"class=""l_row""><span>Onde"
52751,gimme-shelter,estão
52752,gimme-shelter,as
52753,gimme-shelter,drogas?
52754,gimme-shelter,Onde
52755,gimme-shelter,estão
52756,gimme-shelter,as
52757,gimme-shelter,drogas?</span></span>
52758,gimme-shelter,<span
52759,gimme-shelter,"class=""l_row""><span>Onde"
52760,gimme-shelter,estão
52761,gimme-shelter,as
52762,gimme-shelter,drogas?
52763,gimme-shelter,Onde
52764,gimme-shelter,estão
52765,gimme-shelter,as
52766,gimme-shelter,drogas?</span></span>
52767,gimme-shelter,<span
52768,gimme-shelter,"class=""l_row""><span>Me"
52769,gimme-shelter,dê
52770,gimme-shelter,abrigo</span></span>
52771,gimme-shelter,<span
52772,gimme-shelter,"class=""l_row""><span>Me"
52773,gimme-shelter,dê
52774,gimme-shelter,abrigo
52775,gimme-shelter,esta
52776,gimme-shelter,noite.</span></span>
52777,gimme-shelter,<span
52778,gimme-shelter,"class=""l_row""><span>Sim,"
52779,gimme-shelter,Queima
52780,gimme-shelter,como
52781,gimme-shelter,um
52782,gimme-shelter,tapete
52783,gimme-shelter,vermelho
52784,gimme-shelter,de
52785,gimme-shelter,carvão</span></span>
52786,gimme-shelter,<span
52787,gimme-shelter,"class=""l_row""><span>Queima"
52788,gimme-shelter,como
52789,gimme-shelter,um
52790,gimme-shelter,tapete
52791,gimme-shelter,vermelho
52792,gimme-shelter,de
52793,gimme-shelter,carvão</span></span>
52794,gimme-shelter,<span
52795,gimme-shelter,"class=""l_row""><span>Queima"
52796,gimme-shelter,como
52797,gimme-shelter,um
52798,gimme-shelter,tapete
52799,gimme-shelter,vermelho
52800,gimme-shelter,de
52801,gimme-shelter,"carvão,</span></span>"
52802,gimme-shelter,<span
52803,gimme-shelter,"class=""l_row""><span>yeah,"
52804,gimme-shelter,"yeah,"
52805,gimme-shelter,yeah</span></span>
52806,gimme-shelter,<span
52807,gimme-shelter,"class=""l_row""><span>Veja"
52808,gimme-shelter,uma
52809,gimme-shelter,tempestade
52810,gimme-shelter,está
52811,gimme-shelter,ameaçando</span></span>
52812,gimme-shelter,<span
52813,gimme-shelter,"class=""l_row""><span>Minha"
52814,gimme-shelter,grande
52815,gimme-shelter,"vida,"
52816,gimme-shelter,a
52817,gimme-shelter,minha
52818,gimme-shelter,grande
52819,gimme-shelter,"vida,"
52820,gimme-shelter,yeah</span></span>
52821,gimme-shelter,<span
52822,gimme-shelter,"class=""l_row""><span>Vamos,"
52823,gimme-shelter,"vamos,"
52824,gimme-shelter,vamos.</span></span>
52825,gimme-shelter,<span
52826,gimme-shelter,"class=""l_row""><span>Me"
52827,gimme-shelter,dê
52828,gimme-shelter,"abrigo,"
52829,gimme-shelter,me
52830,gimme-shelter,dê
52831,gimme-shelter,"abrigo,"
52832,gimme-shelter,me
52833,gimme-shelter,dê
52834,gimme-shelter,abrigo</span></span>
52835,gimme-shelter,<span
52836,gimme-shelter,"class=""l_row""><span>Cedo"
52837,gimme-shelter,-
52838,gimme-shelter,Minha
52839,gimme-shelter,grande
52840,gimme-shelter,rua
52841,gimme-shelter,hoje</span></span>
52842,gimme-shelter,<span
52843,gimme-shelter,"class=""l_row""><span>Cedo"
52844,gimme-shelter,-
52845,gimme-shelter,Onde
52846,gimme-shelter,estão
52847,gimme-shelter,as
52848,gimme-shelter,"drogas,"
52849,gimme-shelter,porra?</span></span>
52850,gimme-shelter,<span
52851,gimme-shelter,"class=""l_row""><span>cedo</span></span>"
52852,gimme-shelter,None
53238,giz,Acho
53239,giz,até
53240,giz,que
53241,giz,estou
53242,giz,indo
53243,giz,bem
53244,giz,Só
53245,giz,"apareço,"
53246,giz,por
53247,giz,assim
53248,giz,dizer
53249,giz,Quando
53250,giz,convém
53251,giz,aparecer
53252,giz,Quando
53253,giz,quero
53254,giz,Acaba
53255,giz,o
53256,giz,"giz,"
53257,giz,tem
53258,giz,tijolo
53259,giz,de
53260,giz,construção
53261,giz,Eu
53262,giz,rabisco
53263,giz,o
53264,giz,sol
53265,giz,Que
53266,giz,a
53267,giz,chuva
53268,giz,apagou
53269,giz,Queria
53270,giz,até
53271,giz,que
53272,giz,pudesses
53273,giz,me
53274,giz,ver
53275,giz,És
53276,giz,parte
53277,giz,ainda
53278,giz,do
53279,giz,que
53280,giz,me
53281,giz,faz
53282,giz,forte
53283,giz,"E,"
53284,giz,pra
53285,giz,ser
53286,giz,honesto
53287,giz,só
53288,giz,um
53289,giz,pouquinho
53290,giz,infeliz
53291,giz,Tudo
53292,giz,"bem,"
53293,giz,tudo
53294,giz,"bem,"
53295,giz,tudo
53296,giz,bem
53297,giz,Acho
53298,giz,que
53299,giz,estou
53300,giz,gostando
53301,giz,de
53302,giz,alguém
53303,giz,E
53304,giz,é
53305,giz,de
53306,giz,ti
53307,giz,Que
53308,giz,não
53309,giz,me
53310,giz,esquecerei
53311,giz,(Tudo
53312,giz,"bem,"
53313,giz,tudo
53314,giz,"bem,"
53315,giz,tudo
53316,giz,bem)
53317,giz,Quando
53318,giz,quero
53319,giz,(Tudo
53320,giz,"bem,"
53321,giz,tudo
53322,giz,"bem,"
53323,giz,tudo
53324,giz,bem)
53325,giz,Quando
53326,giz,quero
53327,giz,Eu
53328,giz,rabisco
53329,giz,o
53330,giz,sol
53331,giz,que
53332,giz,a
53333,giz,chuva
53334,giz,apagou
53335,giz,Quando
53336,giz,quero
53337,giz,Acho
53338,giz,que
53339,giz,estou
53340,giz,gostando
53341,giz,de
53342,giz,alguém
53343,giz,None
54172,ha-tempos,Muitos
54173,ha-tempos,temores
54174,ha-tempos,nascem
54175,ha-tempos,do
54176,ha-tempos,cansaço
54177,ha-tempos,e
54178,ha-tempos,da
54179,ha-tempos,solidão
54180,ha-tempos,"Descompasso,"
54181,ha-tempos,desperdício
54182,ha-tempos,Herdeiros
54183,ha-tempos,são
54184,ha-tempos,agora
54185,ha-tempos,da
54186,ha-tempos,virtude
54187,ha-tempos,que
54188,ha-tempos,perdemos
54189,ha-tempos,Há
54190,ha-tempos,tempos
54191,ha-tempos,tive
54192,ha-tempos,um
54193,ha-tempos,sonho
54194,ha-tempos,Não
54195,ha-tempos,me
54196,ha-tempos,"lembro,"
54197,ha-tempos,não
54198,ha-tempos,me
54199,ha-tempos,lembro
54200,ha-tempos,E
54201,ha-tempos,hoje
54202,ha-tempos,o
54203,ha-tempos,dia
54204,ha-tempos,é
54205,ha-tempos,tão
54206,ha-tempos,bonito
54207,ha-tempos,Já
54208,ha-tempos,estamos
54209,ha-tempos,acostumados
54210,ha-tempos,A
54211,ha-tempos,não
54212,ha-tempos,termos
54213,ha-tempos,mais
54214,ha-tempos,nem
54215,ha-tempos,isso
54216,ha-tempos,E
54217,ha-tempos,o
54218,ha-tempos,resto
54219,ha-tempos,é
54220,ha-tempos,imperfeito
54221,ha-tempos,Disseste
54222,ha-tempos,que
54223,ha-tempos,se
54224,ha-tempos,tua
54225,ha-tempos,voz
54226,ha-tempos,Tivesse
54227,ha-tempos,força
54228,ha-tempos,igual
54229,ha-tempos,À
54230,ha-tempos,imensa
54231,ha-tempos,dor
54232,ha-tempos,que
54233,ha-tempos,sentes
54234,ha-tempos,Teu
54235,ha-tempos,grito
54236,ha-tempos,acordaria
54237,ha-tempos,Não
54238,ha-tempos,só
54239,ha-tempos,a
54240,ha-tempos,tua
54241,ha-tempos,casa
54242,ha-tempos,Mas
54243,ha-tempos,a
54244,ha-tempos,vizinhança
54245,ha-tempos,inteira
54246,ha-tempos,Têm
54247,ha-tempos,ao
54248,ha-tempos,certo
54249,ha-tempos,a
54250,ha-tempos,medida
54251,ha-tempos,da
54252,ha-tempos,maldade
54253,ha-tempos,E
54254,ha-tempos,há
54255,ha-tempos,tempos
54256,ha-tempos,são
54257,ha-tempos,os
54258,ha-tempos,jovens
54259,ha-tempos,que
54260,ha-tempos,adoecem
54261,ha-tempos,E
54262,ha-tempos,há
54263,ha-tempos,tempos
54264,ha-tempos,o
54265,ha-tempos,encanto
54266,ha-tempos,está
54267,ha-tempos,ausente
54268,ha-tempos,E
54269,ha-tempos,há
54270,ha-tempos,ferrugem
54271,ha-tempos,nos
54272,ha-tempos,sorrisos
54273,ha-tempos,Só
54274,ha-tempos,o
54275,ha-tempos,acaso
54276,ha-tempos,estende
54277,ha-tempos,os
54278,ha-tempos,braços
54279,ha-tempos,A
54280,ha-tempos,quem
54281,ha-tempos,procura
54282,ha-tempos,abrigo
54283,ha-tempos,e
54284,ha-tempos,proteção
54285,ha-tempos,Meu
54286,ha-tempos,amor!
54287,ha-tempos,Compaixão
54288,ha-tempos,é
54289,ha-tempos,fortaleza
54290,ha-tempos,Ter
54291,ha-tempos,bondade
54292,ha-tempos,é
54293,ha-tempos,ter
54294,ha-tempos,coragem
54295,ha-tempos,Lá
54296,ha-tempos,em
54297,ha-tempos,casa
54298,ha-tempos,tem
54299,ha-tempos,um
54300,ha-tempos,poço
54301,ha-tempos,Mas
54302,ha-tempos,a
54303,ha-tempos,água
54304,ha-tempos,é
54305,ha-tempos,muito
54306,ha-tempos,limpa
54307,ha-tempos,None
55106,head-on,<span
55107,head-on,"class=""l_row""><span>I"
55108,head-on,come
55109,head-on,around
55110,head-on,catching
55111,head-on,sparks
55112,head-on,off
55113,head-on,you</span></span>
55114,head-on,<span
55115,head-on,"class=""l_row""><span>I"
55116,head-on,get
55117,head-on,an
55118,head-on,electric
55119,head-on,charge
55120,head-on,from
55121,head-on,you</span></span>
55122,head-on,<span
55123,head-on,"class=""l_row""><span>That"
55124,head-on,seconde
55125,head-on,hand
55126,head-on,living
55127,head-on,it
55128,head-on,just
55129,head-on,won't
55130,head-on,do</span></span>
55131,head-on,<span
55132,head-on,"class=""l_row""><span>Well"
55133,head-on,I
55134,head-on,could
55135,head-on,die
55136,head-on,and
55137,head-on,I
55138,head-on,wouldn't
55139,head-on,mind</span></span>
55140,head-on,<span
55141,head-on,"class=""l_row""><span>And"
55142,head-on,there's
55143,head-on,something
55144,head-on,going
55145,head-on,on
55146,head-on,inside</span></span>
55147,head-on,<span
55148,head-on,"class=""l_row""><span>Makes"
55149,head-on,you
55150,head-on,wanna
55151,head-on,blow
55152,head-on,the
55153,head-on,stars
55154,head-on,from
55155,head-on,the
55156,head-on,sky</span></span>
55157,head-on,<span
55158,head-on,"class=""l_row""><span>I"
55159,head-on,can't
55160,head-on,stand
55161,head-on,"up,"
55162,head-on,I
55163,head-on,cant'
55164,head-on,cool
55165,head-on,down</span></span>
55166,head-on,<span
55167,head-on,"class=""l_row""><span>I"
55168,head-on,can't
55169,head-on,get
55170,head-on,my
55171,head-on,head
55172,head-on,off
55173,head-on,the
55174,head-on,ground</span></span>
55175,head-on,<span
55176,head-on,"class=""l_row""><span>I"
55177,head-on,come
55178,head-on,around
55179,head-on,catching
55180,head-on,sparks
55181,head-on,off
55182,head-on,you</span></span>
55183,head-on,<span
55184,head-on,"class=""l_row""><span>And"
55185,head-on,all
55186,head-on,I
55187,head-on,ever
55188,head-on,got
55189,head-on,from
55190,head-on,you</span></span>
55191,head-on,<span
55192,head-on,"class=""l_row""><span>Was"
55193,head-on,all
55194,head-on,ever
55195,head-on,took
55196,head-on,from
55197,head-on,you</span></span>
55198,head-on,<span
55199,head-on,"class=""l_row""><span>And"
55200,head-on,I
55201,head-on,wouldn't
55202,head-on,feel
55203,head-on,no
55204,head-on,shame</span></span>
55205,head-on,<span
55206,head-on,"class=""l_row""><span>And"
55207,head-on,there's
55208,head-on,nothing
55209,head-on,holding
55210,head-on,me
55211,head-on,to
55212,head-on,blame</span></span>
55213,head-on,<span
55214,head-on,"class=""l_row""><span>Makes"
55215,head-on,you
55216,head-on,want
55217,head-on,to
55218,head-on,blow
55219,head-on,the
55220,head-on,stars
55221,head-on,from
55222,head-on,sky</span></span>
55223,head-on,<span
55224,head-on,"class=""l_row""><span>I'm"
55225,head-on,taking
55226,head-on,myself
55227,head-on,to
55228,head-on,the
55229,head-on,dirty
55230,head-on,part
55231,head-on,of
55232,head-on,town</span></span>
55233,head-on,<span
55234,head-on,"class=""l_row""><span>Where"
55235,head-on,all
55236,head-on,my
55237,head-on,troubles
55238,head-on,can't
55239,head-on,be
55240,head-on,"found,"
55241,head-on,ooh</span></span>
55242,head-on,<span
55243,head-on,"class=""l_row""><span>Makes"
55244,head-on,you
55245,head-on,want
55246,head-on,to
55247,head-on,feel
55248,head-on,makes
55249,head-on,you
55250,head-on,want
55251,head-on,to
55252,head-on,try</span></span>
55253,head-on,<span
55254,head-on,"class=""l_row""><span>Makes"
55255,head-on,you
55256,head-on,want
55257,head-on,to
55258,head-on,feel
55259,head-on,makes
55260,head-on,you
55261,head-on,want
55262,head-on,to
55263,head-on,try</span></span>
55264,head-on,<span
55265,head-on,"class=""l_row""><span>Ah"
55266,head-on,"yeah,"
55267,head-on,ah
55268,head-on,yeah</span></span>
55269,head-on,None
55270,head-on,<span
55271,head-on,"class=""l_row""><span>Eu"
55272,head-on,chego
55273,head-on,perto
55274,head-on,de
55275,head-on,você
55276,head-on,e
55277,head-on,sai
55278,head-on,faisca</span></span>
55279,head-on,<span
55280,head-on,"class=""l_row""><span>Eu"
55281,head-on,tomo
55282,head-on,um
55283,head-on,choque
55284,head-on,elétrico
55285,head-on,de
55286,head-on,você</span></span>
55287,head-on,<span
55288,head-on,"class=""l_row""><span>Viver"
55289,head-on,de
55290,head-on,segunda
55291,head-on,mão
55292,head-on,não
55293,head-on,dá</span></span>
55294,head-on,<span
55295,head-on,"class=""l_row""><span>Bem,"
55296,head-on,eu
55297,head-on,poderia
55298,head-on,morrer
55299,head-on,e
55300,head-on,eu
55301,head-on,não
55302,head-on,me
55303,head-on,importaria</span></span>
55304,head-on,<span
55305,head-on,"class=""l_row""><span>E"
55306,head-on,há
55307,head-on,algo
55308,head-on,acontecendo
55309,head-on,aqui
55310,head-on,dentro</span></span>
55311,head-on,<span
55312,head-on,"class=""l_row""><span>Faz"
55313,head-on,você
55314,head-on,querer
55315,head-on,explodir
55316,head-on,as
55317,head-on,estrelas
55318,head-on,do
55319,head-on,céu</span></span>
55320,head-on,<span
55321,head-on,"class=""l_row""><span>Eu"
55322,head-on,não
55323,head-on,posso
55324,head-on,me
55325,head-on,"levantar,"
55326,head-on,eu
55327,head-on,não
55328,head-on,posso
55329,head-on,me
55330,head-on,acalmar</span></span>
55331,head-on,<span
55332,head-on,"class=""l_row""><span>Eu"
55333,head-on,não
55334,head-on,consigo
55335,head-on,tirar
55336,head-on,minha
55337,head-on,cabeça
55338,head-on,do
55339,head-on,chão</span></span>
55340,head-on,<span
55341,head-on,"class=""l_row""><span>Eu"
55342,head-on,chego
55343,head-on,perto
55344,head-on,de
55345,head-on,você
55346,head-on,e
55347,head-on,sai
55348,head-on,faisca</span></span>
55349,head-on,<span
55350,head-on,"class=""l_row""><span>E"
55351,head-on,tudo
55352,head-on,que
55353,head-on,eu
55354,head-on,sempre
55355,head-on,tive
55356,head-on,de
55357,head-on,você</span></span>
55358,head-on,<span
55359,head-on,"class=""l_row""><span>Foi"
55360,head-on,o
55361,head-on,que
55362,head-on,eu
55363,head-on,tirei
55364,head-on,de
55365,head-on,você</span></span>
55366,head-on,<span
55367,head-on,"class=""l_row""><span>E"
55368,head-on,eu
55369,head-on,não
55370,head-on,sentiria
55371,head-on,nenhuma
55372,head-on,vergonha</span></span>
55373,head-on,<span
55374,head-on,"class=""l_row""><span>E"
55375,head-on,não
55376,head-on,há
55377,head-on,nada
55378,head-on,para
55379,head-on,me
55380,head-on,culpar</span></span>
55381,head-on,<span
55382,head-on,"class=""l_row""><span>Faz"
55383,head-on,você
55384,head-on,querer
55385,head-on,explodir
55386,head-on,as
55387,head-on,estrelas
55388,head-on,do
55389,head-on,céu</span></span>
55390,head-on,<span
55391,head-on,"class=""l_row""><span>Eu"
55392,head-on,estou
55393,head-on,me
55394,head-on,levando
55395,head-on,para
55396,head-on,parte
55397,head-on,suja
55398,head-on,da
55399,head-on,cidade</span></span>
55400,head-on,<span
55401,head-on,"class=""l_row""><span>Onde"
55402,head-on,os
55403,head-on,meus
55404,head-on,problemas
55405,head-on,não
55406,head-on,podem
55407,head-on,ser
55408,head-on,encontrados</span></span>
55409,head-on,<span
55410,head-on,"class=""l_row""><span>Faz"
55411,head-on,você
55412,head-on,querer
55413,head-on,"sentir,"
55414,head-on,faz
55415,head-on,você
55416,head-on,querer
55417,head-on,tentar</span></span>
55418,head-on,<span
55419,head-on,"class=""l_row""><span>Faz"
55420,head-on,você
55421,head-on,querer
55422,head-on,"sentir,"
55423,head-on,faz
55424,head-on,você
55425,head-on,querer
55426,head-on,tentar</span></span>
55427,head-on,<span
55428,head-on,"class=""l_row""><span>Ah"
55429,head-on,"yeah,"
55430,head-on,ah
55431,head-on,yeah</span></span>
55432,head-on,None
56974,high-noon-do-not-forsake-me,None
57908,lage-dor,Mas
57909,lage-dor,não
57910,lage-dor,tenho
57911,lage-dor,mais
57912,lage-dor,certeza
57913,lage-dor,Agora
57914,lage-dor,que
57915,lage-dor,estou
57916,lage-dor,bem
57917,lage-dor,Tão
57918,lage-dor,pouca
57919,lage-dor,coisa
57920,lage-dor,me
57921,lage-dor,interessa
57922,lage-dor,Sou
57923,lage-dor,"teimoso,"
57924,lage-dor,sincero
57925,lage-dor,E
57926,lage-dor,insisto
57927,lage-dor,em
57928,lage-dor,ter
57929,lage-dor,vontade
57930,lage-dor,própria
57931,lage-dor,Não
57932,lage-dor,houve
57933,lage-dor,harmonia
57934,lage-dor,entre
57935,lage-dor,ação
57936,lage-dor,e
57937,lage-dor,pensamento
57938,lage-dor,Teu
57939,lage-dor,corpo
57940,lage-dor,é
57941,lage-dor,"gostoso,"
57942,lage-dor,teu
57943,lage-dor,rosto
57944,lage-dor,é
57945,lage-dor,bonito
57946,lage-dor,Qual
57947,lage-dor,é
57948,lage-dor,o
57949,lage-dor,teu
57950,lage-dor,arcano?
57951,lage-dor,Tua
57952,lage-dor,pedra
57953,lage-dor,preciosa?
57954,lage-dor,Acho
57955,lage-dor,tocante
57956,lage-dor,acreditares
57957,lage-dor,nisso
57958,lage-dor,De
57959,lage-dor,heroína
57960,lage-dor,a
57961,lage-dor,Jesus
57962,lage-dor,Tudo
57963,lage-dor,que
57964,lage-dor,já
57965,lage-dor,fiz
57966,lage-dor,foi
57967,lage-dor,por
57968,lage-dor,vaidade
57969,lage-dor,Davi
57970,lage-dor,teve
57971,lage-dor,um
57972,lage-dor,grande
57973,lage-dor,amigo
57974,lage-dor,Se
57975,lage-dor,é
57976,lage-dor,só
57977,lage-dor,questão
57978,lage-dor,de
57979,lage-dor,sorte
57980,lage-dor,Vai
57981,lage-dor,ver
57982,lage-dor,que
57983,lage-dor,é
57984,lage-dor,de
57985,lage-dor,verdade
57986,lage-dor,dessa
57987,lage-dor,vez
57988,lage-dor,Meu
57989,lage-dor,tornozelo
57990,lage-dor,coça
57991,lage-dor,por
57992,lage-dor,causa
57993,lage-dor,de
57994,lage-dor,mosquito
57995,lage-dor,Estou
57996,lage-dor,com
57997,lage-dor,os
57998,lage-dor,cabelos
57999,lage-dor,"molhados,"
58000,lage-dor,me
58001,lage-dor,sinto
58002,lage-dor,limpo
58003,lage-dor,E
58004,lage-dor,não
58005,lage-dor,tem
58006,lage-dor,volta
58007,lage-dor,por
58008,lage-dor,aqui
58009,lage-dor,Vamos
58010,lage-dor,tentar
58011,lage-dor,outro
58012,lage-dor,caminho
58013,lage-dor,É
58014,lage-dor,que
58015,lage-dor,tudo
58016,lage-dor,faz
58017,lage-dor,sentido
58018,lage-dor,Se
58019,lage-dor,é
58020,lage-dor,só
58021,lage-dor,questão
58022,lage-dor,de
58023,lage-dor,sorte
58024,lage-dor,Não
58025,lage-dor,sei
58026,lage-dor,mais
58027,lage-dor,Não
58028,lage-dor,sei
58029,lage-dor,mais
58030,lage-dor,Lá
58031,lage-dor,vem
58032,lage-dor,os
58033,lage-dor,jovens
58034,lage-dor,gigantes
58035,lage-dor,de
58036,lage-dor,mármore
58037,lage-dor,Oh!
58038,lage-dor,Oh!
58039,lage-dor,Oh!
58040,lage-dor,Oh!
58041,lage-dor,Trazendo
58042,lage-dor,anzóis
58043,lage-dor,nas
58044,lage-dor,palmas
58045,lage-dor,da
58046,lage-dor,mão
58047,lage-dor,Oh!
58048,lage-dor,Oh!
58049,lage-dor,Oh!
58050,lage-dor,Oh!...
58051,lage-dor,Não
58052,lage-dor,é
58053,lage-dor,belo
58054,lage-dor,todo
58055,lage-dor,e
58056,lage-dor,qualquer
58057,lage-dor,mistério?
58058,lage-dor,Oh!
58059,lage-dor,Oh!
58060,lage-dor,Oh!
58061,lage-dor,Oh!
58062,lage-dor,O
58063,lage-dor,maior
58064,lage-dor,segredo
58065,lage-dor,é
58066,lage-dor,não
58067,lage-dor,haver
58068,lage-dor,mistério
58069,lage-dor,algum
58070,lage-dor,None
58842,lavventura,Ou
58843,lavventura,mesmo
58844,lavventura,um
58845,lavventura,gesto
58846,lavventura,de
58847,lavventura,ajuda
58848,lavventura,O
58849,lavventura,que
58850,lavventura,pensar
58851,lavventura,da
58852,lavventura,vida
58853,lavventura,E
58854,lavventura,daqueles
58855,lavventura,que
58856,lavventura,sabemos
58857,lavventura,que
58858,lavventura,amamos
58859,lavventura,?
58860,lavventura,E
58861,lavventura,ser
58862,lavventura,livre
58863,lavventura,é
58864,lavventura,coisa
58865,lavventura,muito
58866,lavventura,séria
58867,lavventura,Não
58868,lavventura,se
58869,lavventura,pode
58870,lavventura,fechar
58871,lavventura,os
58872,lavventura,olhos
58873,lavventura,Não
58874,lavventura,se
58875,lavventura,pode
58876,lavventura,olhar
58877,lavventura,pra
58878,lavventura,trás
58879,lavventura,Sem
58880,lavventura,se
58881,lavventura,aprender
58882,lavventura,alguma
58883,lavventura,coisa
58884,lavventura,pro
58885,lavventura,futuro
58886,lavventura,Olhei
58887,lavventura,pela
58888,lavventura,janela
58889,lavventura,O
58890,lavventura,sol
58891,lavventura,é
58892,lavventura,um
58893,lavventura,só
58894,lavventura,Mas
58895,lavventura,quem
58896,lavventura,sabe
58897,lavventura,são
58898,lavventura,duas
58899,lavventura,manhãs
58900,lavventura,Se
58901,lavventura,não
58902,lavventura,for
58903,lavventura,pra
58904,lavventura,ficar
58905,lavventura,Pelo
58906,lavventura,menos
58907,lavventura,uma
58908,lavventura,noite
58909,lavventura,E
58910,lavventura,três
58911,lavventura,semanas
58912,lavventura,Nada
58913,lavventura,é
58914,lavventura,certo
58915,lavventura,Não
58916,lavventura,façamos
58917,lavventura,do
58918,lavventura,amor
58919,lavventura,Algo
58920,lavventura,desonesto
58921,lavventura,E
58922,lavventura,sempre
58923,lavventura,ser
58924,lavventura,correto
58925,lavventura,Quero
58926,lavventura,ser
58927,lavventura,constante
58928,lavventura,E
58929,lavventura,sempre
58930,lavventura,tentar
58931,lavventura,ser
58932,lavventura,sincero
58933,lavventura,Mas
58934,lavventura,ficamos
58935,lavventura,sempre
58936,lavventura,sem
58937,lavventura,saber
58938,lavventura,Não
58939,lavventura,conta
58940,lavventura,mais
58941,lavventura,histórias
58942,lavventura,Não
58943,lavventura,brota
58944,lavventura,o
58945,lavventura,fruto
58946,lavventura,e
58947,lavventura,nem
58948,lavventura,a
58949,lavventura,flor
58950,lavventura,E
58951,lavventura,o
58952,lavventura,que
58953,lavventura,eu
58954,lavventura,era
58955,lavventura,eu
58956,lavventura,não
58957,lavventura,sou
58958,lavventura,mais
58959,lavventura,E
58960,lavventura,não
58961,lavventura,tenho
58962,lavventura,nada
58963,lavventura,pra
58964,lavventura,lembrar
58965,lavventura,A
58966,lavventura,quem
58967,lavventura,não
58968,lavventura,sabe
58969,lavventura,perdoar
58970,lavventura,Acho
58971,lavventura,que
58972,lavventura,sempre
58973,lavventura,lhe
58974,lavventura,amarei
58975,lavventura,Só
58976,lavventura,que
58977,lavventura,não
58978,lavventura,lhe
58979,lavventura,quero
58980,lavventura,mais
58981,lavventura,"Sinceramente,"
58982,lavventura,nem
58983,lavventura,é
58984,lavventura,verdade
58985,lavventura,Mas
58986,lavventura,não
58987,lavventura,consigo
58988,lavventura,entender
58989,lavventura,Eu
58990,lavventura,sei
58991,lavventura,porque
58992,lavventura,você
58993,lavventura,fugiu
58994,lavventura,Mas
58995,lavventura,não
58996,lavventura,consigo
58997,lavventura,entender
58998,lavventura,None
60710,la-maison-dieu,E
60711,la-maison-dieu,20
60712,la-maison-dieu,mil
60713,la-maison-dieu,soldados
60714,la-maison-dieu,batessem
60715,la-maison-dieu,à
60716,la-maison-dieu,minha
60717,la-maison-dieu,porta
60718,la-maison-dieu,A
60719,la-maison-dieu,sua
60720,la-maison-dieu,procura
60721,la-maison-dieu,Eu
60722,la-maison-dieu,não
60723,la-maison-dieu,diria
60724,la-maison-dieu,nada
60725,la-maison-dieu,Porque
60726,la-maison-dieu,lhe
60727,la-maison-dieu,dei
60728,la-maison-dieu,minha
60729,la-maison-dieu,palavra
60730,la-maison-dieu,Me
60731,la-maison-dieu,lembra
60732,la-maison-dieu,o
60733,la-maison-dieu,tempo
60734,la-maison-dieu,em
60735,la-maison-dieu,que
60736,la-maison-dieu,você
60737,la-maison-dieu,era
60738,la-maison-dieu,pequeno
60739,la-maison-dieu,Não
60740,la-maison-dieu,pretendo
60741,la-maison-dieu,me
60742,la-maison-dieu,aproveitar
60743,la-maison-dieu,E
60744,la-maison-dieu,de
60745,la-maison-dieu,qualquer
60746,la-maison-dieu,forma
60747,la-maison-dieu,quem
60748,la-maison-dieu,volta
60749,la-maison-dieu,Sozinho
60750,la-maison-dieu,pra
60751,la-maison-dieu,casa
60752,la-maison-dieu,sou
60753,la-maison-dieu,eu
60754,la-maison-dieu,Mas
60755,la-maison-dieu,nunca
60756,la-maison-dieu,amor
60757,la-maison-dieu,e
60758,la-maison-dieu,"amizade,"
60759,la-maison-dieu,eu
60760,la-maison-dieu,acho
60761,la-maison-dieu,E
60762,la-maison-dieu,depois
60763,la-maison-dieu,de
60764,la-maison-dieu,um
60765,la-maison-dieu,dia
60766,la-maison-dieu,difícil
60767,la-maison-dieu,Pensei
60768,la-maison-dieu,ter
60769,la-maison-dieu,visto
60770,la-maison-dieu,você
60771,la-maison-dieu,Entrar
60772,la-maison-dieu,pela
60773,la-maison-dieu,minha
60774,la-maison-dieu,janela
60775,la-maison-dieu,e
60776,la-maison-dieu,dizer
60777,la-maison-dieu,Vim
60778,la-maison-dieu,conversar
60779,la-maison-dieu,contigo
60780,la-maison-dieu,Vim
60781,la-maison-dieu,te
60782,la-maison-dieu,pedir
60783,la-maison-dieu,abrigo
60784,la-maison-dieu,Preciso
60785,la-maison-dieu,do
60786,la-maison-dieu,teu
60787,la-maison-dieu,calor
60788,la-maison-dieu,Eu
60789,la-maison-dieu,sou
60790,la-maison-dieu,Eu
60791,la-maison-dieu,sou
60792,la-maison-dieu,O
60793,la-maison-dieu,carrasco
60794,la-maison-dieu,que
60795,la-maison-dieu,lhe
60796,la-maison-dieu,torturou
60797,la-maison-dieu,O
60798,la-maison-dieu,general
60799,la-maison-dieu,que
60800,la-maison-dieu,lhe
60801,la-maison-dieu,arrancou
60802,la-maison-dieu,os
60803,la-maison-dieu,olhos
60804,la-maison-dieu,O
60805,la-maison-dieu,sangue
60806,la-maison-dieu,inocente
60807,la-maison-dieu,De
60808,la-maison-dieu,todos
60809,la-maison-dieu,os
60810,la-maison-dieu,desaparecidos
60811,la-maison-dieu,O
60812,la-maison-dieu,choque
60813,la-maison-dieu,elétrico
60814,la-maison-dieu,e
60815,la-maison-dieu,os
60816,la-maison-dieu,gritos
60817,la-maison-dieu,Eu
60818,la-maison-dieu,sou
60819,la-maison-dieu,Eu
60820,la-maison-dieu,sou
60821,la-maison-dieu,Eu
60822,la-maison-dieu,sou
60823,la-maison-dieu,E
60824,la-maison-dieu,vim
60825,la-maison-dieu,lhe
60826,la-maison-dieu,visitar
60827,la-maison-dieu,como
60828,la-maison-dieu,amigo
60829,la-maison-dieu,Devemos
60830,la-maison-dieu,flertar
60831,la-maison-dieu,com
60832,la-maison-dieu,o
60833,la-maison-dieu,perigo
60834,la-maison-dieu,Seguir
60835,la-maison-dieu,nossos
60836,la-maison-dieu,instintos
60837,la-maison-dieu,primitivos
60838,la-maison-dieu,Quem
60839,la-maison-dieu,sabe
60840,la-maison-dieu,não
60841,la-maison-dieu,serão
60842,la-maison-dieu,estes
60843,la-maison-dieu,Nossos
60844,la-maison-dieu,últimos
60845,la-maison-dieu,momentos
60846,la-maison-dieu,divertidos?
60847,la-maison-dieu,De
60848,la-maison-dieu,uma
60849,la-maison-dieu,revolução
60850,la-maison-dieu,de
60851,la-maison-dieu,merda
60852,la-maison-dieu,De
60853,la-maison-dieu,generais
60854,la-maison-dieu,e
60855,la-maison-dieu,de
60856,la-maison-dieu,um
60857,la-maison-dieu,exército
60858,la-maison-dieu,de
60859,la-maison-dieu,merda
60860,la-maison-dieu,"Não,"
60861,la-maison-dieu,nunca
60862,la-maison-dieu,poderemos
60863,la-maison-dieu,esquecer
60864,la-maison-dieu,Nem
60865,la-maison-dieu,devemos
60866,la-maison-dieu,perdoar
60867,la-maison-dieu,Abra
60868,la-maison-dieu,os
60869,la-maison-dieu,olhos
60870,la-maison-dieu,e
60871,la-maison-dieu,o
60872,la-maison-dieu,coração
60873,la-maison-dieu,Estejamos
60874,la-maison-dieu,alertas
60875,la-maison-dieu,Porque
60876,la-maison-dieu,o
60877,la-maison-dieu,terror
60878,la-maison-dieu,continua
60879,la-maison-dieu,Só
60880,la-maison-dieu,mudou
60881,la-maison-dieu,de
60882,la-maison-dieu,cheiro
60883,la-maison-dieu,E
60884,la-maison-dieu,de
60885,la-maison-dieu,uniforme
60886,la-maison-dieu,E
60887,la-maison-dieu,lhe
60888,la-maison-dieu,quero
60889,la-maison-dieu,bem
60890,la-maison-dieu,Esqueça
60891,la-maison-dieu,o
60892,la-maison-dieu,"mundo,"
60893,la-maison-dieu,vim
60894,la-maison-dieu,lhe
60895,la-maison-dieu,explicar
60896,la-maison-dieu,o
60897,la-maison-dieu,que
60898,la-maison-dieu,virá
60899,la-maison-dieu,Porque
60900,la-maison-dieu,eu
60901,la-maison-dieu,sou
60902,la-maison-dieu,Eu
60903,la-maison-dieu,sou
60904,la-maison-dieu,Eu
60905,la-maison-dieu,sou
60906,la-maison-dieu,None
61644,la-nuova-gioventu,Eu
61645,la-nuova-gioventu,quis
61646,la-nuova-gioventu,partir
61647,la-nuova-gioventu,"você,"
61648,la-nuova-gioventu,tirar
61649,la-nuova-gioventu,você
61650,la-nuova-gioventu,de
61651,la-nuova-gioventu,mim
61652,la-nuova-gioventu,Demorei
61653,la-nuova-gioventu,para
61654,la-nuova-gioventu,"esquecer,"
61655,la-nuova-gioventu,demorei
61656,la-nuova-gioventu,para
61657,la-nuova-gioventu,encontrar
61658,la-nuova-gioventu,Um
61659,la-nuova-gioventu,lugar
61660,la-nuova-gioventu,onde
61661,la-nuova-gioventu,você
61662,la-nuova-gioventu,não
61663,la-nuova-gioventu,me
61664,la-nuova-gioventu,machucasse
61665,la-nuova-gioventu,mais
61666,la-nuova-gioventu,Porque
61667,la-nuova-gioventu,o
61668,la-nuova-gioventu,tempo
61669,la-nuova-gioventu,é
61670,la-nuova-gioventu,mercúrio-cromo
61671,la-nuova-gioventu,E
61672,la-nuova-gioventu,tempo
61673,la-nuova-gioventu,é
61674,la-nuova-gioventu,tudo
61675,la-nuova-gioventu,que
61676,la-nuova-gioventu,somos
61677,la-nuova-gioventu,Estava
61678,la-nuova-gioventu,lhe
61679,la-nuova-gioventu,ensinando
61680,la-nuova-gioventu,a
61681,la-nuova-gioventu,ler
61682,la-nuova-gioventu,On
61683,la-nuova-gioventu,The
61684,la-nuova-gioventu,Road
61685,la-nuova-gioventu,e
61686,la-nuova-gioventu,coisas
61687,la-nuova-gioventu,desiguais
61688,la-nuova-gioventu,Eu
61689,la-nuova-gioventu,gostava
61690,la-nuova-gioventu,mais
61691,la-nuova-gioventu,de
61692,la-nuova-gioventu,mim
61693,la-nuova-gioventu,Com
61694,la-nuova-gioventu,você
61695,la-nuova-gioventu,por
61696,la-nuova-gioventu,perto
61697,la-nuova-gioventu,Eu
61698,la-nuova-gioventu,gostava
61699,la-nuova-gioventu,mais
61700,la-nuova-gioventu,de
61701,la-nuova-gioventu,mim
61702,la-nuova-gioventu,Eu
61703,la-nuova-gioventu,gostava
61704,la-nuova-gioventu,mais
61705,la-nuova-gioventu,de
61706,la-nuova-gioventu,mim
61707,la-nuova-gioventu,Com
61708,la-nuova-gioventu,você
61709,la-nuova-gioventu,por
61710,la-nuova-gioventu,perto
61711,la-nuova-gioventu,Eu
61712,la-nuova-gioventu,gostava
61713,la-nuova-gioventu,mais
61714,la-nuova-gioventu,de
61715,la-nuova-gioventu,mim
61716,la-nuova-gioventu,Se
61717,la-nuova-gioventu,estou
61718,la-nuova-gioventu,bem
61719,la-nuova-gioventu,só
61720,la-nuova-gioventu,por
61721,la-nuova-gioventu,dizer
61722,la-nuova-gioventu,Só
61723,la-nuova-gioventu,por
61724,la-nuova-gioventu,dizer
61725,la-nuova-gioventu,é
61726,la-nuova-gioventu,que
61727,la-nuova-gioventu,finjo
61728,la-nuova-gioventu,que
61729,la-nuova-gioventu,sei
61730,la-nuova-gioventu,Não
61731,la-nuova-gioventu,me
61732,la-nuova-gioventu,olhe
61733,la-nuova-gioventu,"assim,"
61734,la-nuova-gioventu,eu
61735,la-nuova-gioventu,sou
61736,la-nuova-gioventu,parte
61737,la-nuova-gioventu,de
61738,la-nuova-gioventu,você
61739,la-nuova-gioventu,Você
61740,la-nuova-gioventu,não
61741,la-nuova-gioventu,é
61742,la-nuova-gioventu,parte
61743,la-nuova-gioventu,de
61744,la-nuova-gioventu,mim
61745,la-nuova-gioventu,Mas
61746,la-nuova-gioventu,só
61747,la-nuova-gioventu,para
61748,la-nuova-gioventu,você
61749,la-nuova-gioventu,saber
61750,la-nuova-gioventu,Me
61751,la-nuova-gioventu,diverti
61752,la-nuova-gioventu,um
61753,la-nuova-gioventu,bocado
61754,la-nuova-gioventu,Eu
61755,la-nuova-gioventu,gostava
61756,la-nuova-gioventu,mais
61757,la-nuova-gioventu,de
61758,la-nuova-gioventu,mim
61759,la-nuova-gioventu,E
61760,la-nuova-gioventu,com
61761,la-nuova-gioventu,você
61762,la-nuova-gioventu,por
61763,la-nuova-gioventu,perto
61764,la-nuova-gioventu,Eu
61765,la-nuova-gioventu,gostava
61766,la-nuova-gioventu,mais
61767,la-nuova-gioventu,de
61768,la-nuova-gioventu,mim
61769,la-nuova-gioventu,Eu
61770,la-nuova-gioventu,gostava
61771,la-nuova-gioventu,mais
61772,la-nuova-gioventu,de
61773,la-nuova-gioventu,mim
61774,la-nuova-gioventu,E
61775,la-nuova-gioventu,com
61776,la-nuova-gioventu,você
61777,la-nuova-gioventu,por
61778,la-nuova-gioventu,perto
61779,la-nuova-gioventu,Eu
61780,la-nuova-gioventu,gostava
61781,la-nuova-gioventu,mais
61782,la-nuova-gioventu,de
61783,la-nuova-gioventu,mim
61784,la-nuova-gioventu,Eu
61785,la-nuova-gioventu,gostava
61786,la-nuova-gioventu,mais
61787,la-nuova-gioventu,de
61788,la-nuova-gioventu,mim
61789,la-nuova-gioventu,E
61790,la-nuova-gioventu,com
61791,la-nuova-gioventu,você
61792,la-nuova-gioventu,por
61793,la-nuova-gioventu,perto
61794,la-nuova-gioventu,Eu
61795,la-nuova-gioventu,gostava
61796,la-nuova-gioventu,mais
61797,la-nuova-gioventu,de
61798,la-nuova-gioventu,mim
61799,la-nuova-gioventu,Eu
61800,la-nuova-gioventu,gostava
61801,la-nuova-gioventu,mais
61802,la-nuova-gioventu,de
61803,la-nuova-gioventu,mim
61804,la-nuova-gioventu,E
61805,la-nuova-gioventu,com
61806,la-nuova-gioventu,você
61807,la-nuova-gioventu,por
61808,la-nuova-gioventu,perto
61809,la-nuova-gioventu,Eu
61810,la-nuova-gioventu,gostava
61811,la-nuova-gioventu,mais
61812,la-nuova-gioventu,de
61813,la-nuova-gioventu,mim
61814,la-nuova-gioventu,Eu
61815,la-nuova-gioventu,gostava
61816,la-nuova-gioventu,mais
61817,la-nuova-gioventu,de
61818,la-nuova-gioventu,mim
61819,la-nuova-gioventu,E
61820,la-nuova-gioventu,com
61821,la-nuova-gioventu,você
61822,la-nuova-gioventu,por
61823,la-nuova-gioventu,perto
61824,la-nuova-gioventu,Eu
61825,la-nuova-gioventu,gostava
61826,la-nuova-gioventu,mais
61827,la-nuova-gioventu,de
61828,la-nuova-gioventu,mim
61829,la-nuova-gioventu,None
62578,la-solitudine,<span
62579,la-solitudine,"class=""l_row""><span>E"
62580,la-solitudine,il
62581,la-solitudine,treno
62582,la-solitudine,delle
62583,la-solitudine,7:30
62584,la-solitudine,senza
62585,la-solitudine,lui</span></span>
62586,la-solitudine,<span
62587,la-solitudine,"class=""l_row""><span>È"
62588,la-solitudine,un
62589,la-solitudine,cuore
62590,la-solitudine,di
62591,la-solitudine,metallo
62592,la-solitudine,senza
62593,la-solitudine,l'anima</span></span>
62594,la-solitudine,<span
62595,la-solitudine,"class=""l_row""><span>Nel"
62596,la-solitudine,freddo
62597,la-solitudine,del
62598,la-solitudine,mattino
62599,la-solitudine,grigio
62600,la-solitudine,di
62601,la-solitudine,città</span></span>
62602,la-solitudine,<span
62603,la-solitudine,"class=""l_row""><span>A"
62604,la-solitudine,scuola
62605,la-solitudine,il
62606,la-solitudine,banco
62607,la-solitudine,è
62608,la-solitudine,"vuoto,"
62609,la-solitudine,marco
62610,la-solitudine,è
62611,la-solitudine,dentro
62612,la-solitudine,me</span></span>
62613,la-solitudine,<span
62614,la-solitudine,"class=""l_row""><span>È"
62615,la-solitudine,dolce
62616,la-solitudine,il
62617,la-solitudine,suo
62618,la-solitudine,respiro
62619,la-solitudine,fra
62620,la-solitudine,I
62621,la-solitudine,pensiere
62622,la-solitudine,miei</span></span>
62623,la-solitudine,<span
62624,la-solitudine,"class=""l_row""><span>Distanze"
62625,la-solitudine,enormi
62626,la-solitudine,sembrano
62627,la-solitudine,dividerci</span></span>
62628,la-solitudine,<span
62629,la-solitudine,"class=""l_row""><span>Ma"
62630,la-solitudine,il
62631,la-solitudine,cuore
62632,la-solitudine,batte
62633,la-solitudine,forte
62634,la-solitudine,dentro
62635,la-solitudine,me</span></span>
62636,la-solitudine,<span
62637,la-solitudine,"class=""l_row""><span>Se"
62638,la-solitudine,con
62639,la-solitudine,I
62640,la-solitudine,tuoi
62641,la-solitudine,non
62642,la-solitudine,parli
62643,la-solitudine,mai</span></span>
62644,la-solitudine,<span
62645,la-solitudine,"class=""l_row""><span>Se"
62646,la-solitudine,ti
62647,la-solitudine,nascondi
62648,la-solitudine,come
62649,la-solitudine,me</span></span>
62650,la-solitudine,<span
62651,la-solitudine,"class=""l_row""><span>Sfuggi"
62652,la-solitudine,gli
62653,la-solitudine,sguardi
62654,la-solitudine,e
62655,la-solitudine,te
62656,la-solitudine,ne
62657,la-solitudine,stai</span></span>
62658,la-solitudine,<span
62659,la-solitudine,"class=""l_row""><span>Rinchiuso"
62660,la-solitudine,in
62661,la-solitudine,camera
62662,la-solitudine,e
62663,la-solitudine,non
62664,la-solitudine,vuoi
62665,la-solitudine,mangiare</span></span>
62666,la-solitudine,<span
62667,la-solitudine,"class=""l_row""><span>Stringi"
62668,la-solitudine,forte
62669,la-solitudine,a
62670,la-solitudine,te
62671,la-solitudine,il
62672,la-solitudine,cuscino</span></span>
62673,la-solitudine,<span
62674,la-solitudine,"class=""l_row""><span>Piangi"
62675,la-solitudine,e
62676,la-solitudine,non
62677,la-solitudine,lo
62678,la-solitudine,sai
62679,la-solitudine,quanto
62680,la-solitudine,altro
62681,la-solitudine,male
62682,la-solitudine,ti
62683,la-solitudine,farà
62684,la-solitudine,la
62685,la-solitudine,solitudine</span></span>
62686,la-solitudine,<span
62687,la-solitudine,"class=""l_row""><span>Hai"
62688,la-solitudine,gli
62689,la-solitudine,occhi
62690,la-solitudine,di
62691,la-solitudine,bambino
62692,la-solitudine,un
62693,la-solitudine,poco
62694,la-solitudine,timido</span></span>
62695,la-solitudine,<span
62696,la-solitudine,"class=""l_row""><span>La"
62697,la-solitudine,stringo
62698,la-solitudine,forte
62699,la-solitudine,al
62700,la-solitudine,cuore
62701,la-solitudine,e
62702,la-solitudine,sento
62703,la-solitudine,che
62704,la-solitudine,ci
62705,la-solitudine,sei</span></span>
62706,la-solitudine,<span
62707,la-solitudine,"class=""l_row""><span>Fra"
62708,la-solitudine,I
62709,la-solitudine,compiti
62710,la-solitudine,d'inglese
62711,la-solitudine,e
62712,la-solitudine,matematica</span></span>
62713,la-solitudine,<span
62714,la-solitudine,"class=""l_row""><span>Tuo"
62715,la-solitudine,padre
62716,la-solitudine,e
62717,la-solitudine,I
62718,la-solitudine,suoi
62719,la-solitudine,consigli
62720,la-solitudine,che
62721,la-solitudine,monotonia</span></span>
62722,la-solitudine,<span
62723,la-solitudine,"class=""l_row""><span>Lui"
62724,la-solitudine,con
62725,la-solitudine,il
62726,la-solitudine,suo
62727,la-solitudine,lavoro
62728,la-solitudine,ti
62729,la-solitudine,ha
62730,la-solitudine,portato
62731,la-solitudine,via</span></span>
62732,la-solitudine,<span
62733,la-solitudine,"class=""l_row""><span>Di"
62734,la-solitudine,certo
62735,la-solitudine,il
62736,la-solitudine,tuo
62737,la-solitudine,parere
62738,la-solitudine,non
62739,la-solitudine,l'ha
62740,la-solitudine,chiesto
62741,la-solitudine,mai</span></span>
62742,la-solitudine,<span
62743,la-solitudine,"class=""l_row""><span>Ha"
62744,la-solitudine,detto
62745,la-solitudine,"""un"
62746,la-solitudine,giorno
62747,la-solitudine,tu
62748,la-solitudine,mi
62749,la-solitudine,"capirai""</span></span>"
62750,la-solitudine,<span
62751,la-solitudine,"class=""l_row""><span>Se"
62752,la-solitudine,con
62753,la-solitudine,gli
62754,la-solitudine,amici
62755,la-solitudine,parlerai</span></span>
62756,la-solitudine,<span
62757,la-solitudine,"class=""l_row""><span>Per"
62758,la-solitudine,non
62759,la-solitudine,soffrire
62760,la-solitudine,più
62761,la-solitudine,per
62762,la-solitudine,me</span></span>
62763,la-solitudine,<span
62764,la-solitudine,"class=""l_row""><span>Ma"
62765,la-solitudine,non
62766,la-solitudine,è
62767,la-solitudine,facile
62768,la-solitudine,lo
62769,la-solitudine,sai</span></span>
62770,la-solitudine,<span
62771,la-solitudine,"class=""l_row""><span>E"
62772,la-solitudine,I
62773,la-solitudine,pomeriggi
62774,la-solitudine,senza
62775,la-solitudine,te</span></span>
62776,la-solitudine,<span
62777,la-solitudine,"class=""l_row""><span>Studiare"
62778,la-solitudine,è
62779,la-solitudine,inutile
62780,la-solitudine,tutte
62781,la-solitudine,le
62782,la-solitudine,idee
62783,la-solitudine,si
62784,la-solitudine,affollano
62785,la-solitudine,su
62786,la-solitudine,te</span></span>
62787,la-solitudine,<span
62788,la-solitudine,"class=""l_row""><span>Non"
62789,la-solitudine,è
62790,la-solitudine,possibile
62791,la-solitudine,dividere
62792,la-solitudine,la
62793,la-solitudine,vita
62794,la-solitudine,di
62795,la-solitudine,noi
62796,la-solitudine,due</span></span>
62797,la-solitudine,<span
62798,la-solitudine,"class=""l_row""><span>Ti"
62799,la-solitudine,prego
62800,la-solitudine,aspettami
62801,la-solitudine,amore
62802,la-solitudine,mio...</span></span>
62803,la-solitudine,<span
62804,la-solitudine,"class=""l_row""><span>Ma"
62805,la-solitudine,illuderti
62806,la-solitudine,non
62807,la-solitudine,so!</span></span>
62808,la-solitudine,<span
62809,la-solitudine,"class=""l_row""><span>La"
62810,la-solitudine,solitudine
62811,la-solitudine,fra
62812,la-solitudine,noi</span></span>
62813,la-solitudine,<span
62814,la-solitudine,"class=""l_row""><span>Questo"
62815,la-solitudine,silenzio
62816,la-solitudine,dentro
62817,la-solitudine,me</span></span>
62818,la-solitudine,<span
62819,la-solitudine,"class=""l_row""><span>È"
62820,la-solitudine,l'inquietudine
62821,la-solitudine,di
62822,la-solitudine,vivere
62823,la-solitudine,la
62824,la-solitudine,vita
62825,la-solitudine,senza
62826,la-solitudine,te</span></span>
62827,la-solitudine,<span
62828,la-solitudine,"class=""l_row""><span>Ti"
62829,la-solitudine,prego
62830,la-solitudine,aspettami
62831,la-solitudine,perché</span></span>
62832,la-solitudine,<span
62833,la-solitudine,"class=""l_row""><span>Non"
62834,la-solitudine,posso
62835,la-solitudine,stare
62836,la-solitudine,senza
62837,la-solitudine,te</span></span>
62838,la-solitudine,<span
62839,la-solitudine,"class=""l_row""><span>Non"
62840,la-solitudine,è
62841,la-solitudine,possibile
62842,la-solitudine,dividere
62843,la-solitudine,la
62844,la-solitudine,storia
62845,la-solitudine,di
62846,la-solitudine,noi
62847,la-solitudine,due</span></span>
62848,la-solitudine,<span
62849,la-solitudine,"class=""l_row""><span>Questo"
62850,la-solitudine,silenzio
62851,la-solitudine,dentro
62852,la-solitudine,me</span></span>
62853,la-solitudine,<span
62854,la-solitudine,"class=""l_row""><span>È"
62855,la-solitudine,l'inquietudine
62856,la-solitudine,di
62857,la-solitudine,vivere
62858,la-solitudine,la
62859,la-solitudine,vita
62860,la-solitudine,senza
62861,la-solitudine,te</span></span>
62862,la-solitudine,<span
62863,la-solitudine,"class=""l_row""><span>Ti"
62864,la-solitudine,prego
62865,la-solitudine,aspettami
62866,la-solitudine,perché</span></span>
62867,la-solitudine,<span
62868,la-solitudine,"class=""l_row""><span>Non"
62869,la-solitudine,posso
62870,la-solitudine,stare
62871,la-solitudine,senza
62872,la-solitudine,te</span></span>
62873,la-solitudine,<span
62874,la-solitudine,"class=""l_row""><span>Non"
62875,la-solitudine,è
62876,la-solitudine,possibile
62877,la-solitudine,dividere
62878,la-solitudine,la
62879,la-solitudine,storia
62880,la-solitudine,di
62881,la-solitudine,noi
62882,la-solitudine,due
62883,la-solitudine,la
62884,la-solitudine,solitudine</span></span>
62885,la-solitudine,None
62886,la-solitudine,<span
62887,la-solitudine,"class=""l_row""><span>O"
62888,la-solitudine,trem
62889,la-solitudine,das
62890,la-solitudine,7:
62891,la-solitudine,"30,"
62892,la-solitudine,sem
62893,la-solitudine,ele</span></span>
62894,la-solitudine,<span
62895,la-solitudine,"class=""l_row""><span>É"
62896,la-solitudine,um
62897,la-solitudine,coração
62898,la-solitudine,de
62899,la-solitudine,metal
62900,la-solitudine,sem
62901,la-solitudine,alma</span></span>
62902,la-solitudine,<span
62903,la-solitudine,"class=""l_row""><span>No"
62904,la-solitudine,frio
62905,la-solitudine,da
62906,la-solitudine,"manhã,"
62907,la-solitudine,cinza
62908,la-solitudine,da
62909,la-solitudine,cidade</span></span>
62910,la-solitudine,<span
62911,la-solitudine,"class=""l_row""><span>Na"
62912,la-solitudine,"escola,"
62913,la-solitudine,o
62914,la-solitudine,banco
62915,la-solitudine,está
62916,la-solitudine,"vazio,"
62917,la-solitudine,marco
62918,la-solitudine,está
62919,la-solitudine,dentro
62920,la-solitudine,de
62921,la-solitudine,mim</span></span>
62922,la-solitudine,<span
62923,la-solitudine,"class=""l_row""><span>É"
62924,la-solitudine,doce
62925,la-solitudine,a
62926,la-solitudine,sua
62927,la-solitudine,respiração
62928,la-solitudine,entre
62929,la-solitudine,meus
62930,la-solitudine,pensamentos</span></span>
62931,la-solitudine,<span
62932,la-solitudine,"class=""l_row""><span>Distâncias"
62933,la-solitudine,enormes
62934,la-solitudine,parecem
62935,la-solitudine,nos
62936,la-solitudine,dividir</span></span>
62937,la-solitudine,<span
62938,la-solitudine,"class=""l_row""><span>Mas"
62939,la-solitudine,o
62940,la-solitudine,coração
62941,la-solitudine,bate
62942,la-solitudine,forte
62943,la-solitudine,dentro
62944,la-solitudine,de
62945,la-solitudine,mim</span></span>
62946,la-solitudine,<span
62947,la-solitudine,"class=""l_row""><span>Se"
62948,la-solitudine,com
62949,la-solitudine,seus
62950,la-solitudine,pais
62951,la-solitudine,não
62952,la-solitudine,fala
62953,la-solitudine,mais</span></span>
62954,la-solitudine,<span
62955,la-solitudine,"class=""l_row""><span>Se"
62956,la-solitudine,você
62957,la-solitudine,se
62958,la-solitudine,esconde
62959,la-solitudine,como
62960,la-solitudine,eu</span></span>
62961,la-solitudine,<span
62962,la-solitudine,"class=""l_row""><span>Você"
62963,la-solitudine,escapa
62964,la-solitudine,os
62965,la-solitudine,olhares
62966,la-solitudine,e
62967,la-solitudine,você
62968,la-solitudine,está
62969,la-solitudine,distante</span></span>
62970,la-solitudine,<span
62971,la-solitudine,"class=""l_row""><span>Trancado"
62972,la-solitudine,no
62973,la-solitudine,quarto
62974,la-solitudine,e
62975,la-solitudine,não
62976,la-solitudine,quer
62977,la-solitudine,comer</span></span>
62978,la-solitudine,<span
62979,la-solitudine,"class=""l_row""><span>Você"
62980,la-solitudine,abraça
62981,la-solitudine,forte
62982,la-solitudine,o
62983,la-solitudine,travesseiro</span></span>
62984,la-solitudine,<span
62985,la-solitudine,"class=""l_row""><span>Chora"
62986,la-solitudine,sem
62987,la-solitudine,saber
62988,la-solitudine,quanto
62989,la-solitudine,outro
62990,la-solitudine,mal
62991,la-solitudine,te
62992,la-solitudine,fará
62993,la-solitudine,a
62994,la-solitudine,solidão</span></span>
62995,la-solitudine,<span
62996,la-solitudine,"class=""l_row""><span>Com"
62997,la-solitudine,olhos
62998,la-solitudine,de
62999,la-solitudine,um
63000,la-solitudine,menino
63001,la-solitudine,um
63002,la-solitudine,pouco
63003,la-solitudine,tímido</span></span>
63004,la-solitudine,<span
63005,la-solitudine,"class=""l_row""><span>Meu"
63006,la-solitudine,coração
63007,la-solitudine,pulsa
63008,la-solitudine,forte
63009,la-solitudine,e
63010,la-solitudine,eu
63011,la-solitudine,sinto
63012,la-solitudine,que
63013,la-solitudine,você
63014,la-solitudine,está
63015,la-solitudine,lá</span></span>
63016,la-solitudine,<span
63017,la-solitudine,"class=""l_row""><span>Entre"
63018,la-solitudine,as
63019,la-solitudine,tarefas
63020,la-solitudine,entre
63021,la-solitudine,inglês
63022,la-solitudine,e
63023,la-solitudine,matemática</span></span>
63024,la-solitudine,<span
63025,la-solitudine,"class=""l_row""><span>Seu"
63026,la-solitudine,pai
63027,la-solitudine,e
63028,la-solitudine,seus
63029,la-solitudine,"conselhos,"
63030,la-solitudine,aquela
63031,la-solitudine,monotonia</span></span>
63032,la-solitudine,<span
63033,la-solitudine,"class=""l_row""><span>Ele"
63034,la-solitudine,com
63035,la-solitudine,seu
63036,la-solitudine,trabalho
63037,la-solitudine,te
63038,la-solitudine,levou</span></span>
63039,la-solitudine,<span
63040,la-solitudine,"class=""l_row""><span>Com"
63041,la-solitudine,seus
63042,la-solitudine,certeiros
63043,la-solitudine,olhares
63044,la-solitudine,com
63045,la-solitudine,que
63046,la-solitudine,nunca
63047,la-solitudine,perguntou
63048,la-solitudine,mas</span></span>
63049,la-solitudine,<span
63050,la-solitudine,"class=""l_row""><span>Disse:"
63051,la-solitudine,"""um"
63052,la-solitudine,dia
63053,la-solitudine,você
63054,la-solitudine,vai
63055,la-solitudine,me
63056,la-solitudine,"entender""</span></span>"
63057,la-solitudine,<span
63058,la-solitudine,"class=""l_row""><span>Se"
63059,la-solitudine,você
63060,la-solitudine,conversar
63061,la-solitudine,com
63062,la-solitudine,os
63063,la-solitudine,amigos</span></span>
63064,la-solitudine,<span
63065,la-solitudine,"class=""l_row""><span>Para"
63066,la-solitudine,não
63067,la-solitudine,sofrer
63068,la-solitudine,mais
63069,la-solitudine,por
63070,la-solitudine,mim</span></span>
63071,la-solitudine,<span
63072,la-solitudine,"class=""l_row""><span>Mas,"
63073,la-solitudine,não
63074,la-solitudine,é
63075,la-solitudine,fácil
63076,la-solitudine,eu
63077,la-solitudine,sei</span></span>
63078,la-solitudine,<span
63079,la-solitudine,"class=""l_row""><span>E"
63080,la-solitudine,as
63081,la-solitudine,tardes
63082,la-solitudine,sem
63083,la-solitudine,você</span></span>
63084,la-solitudine,<span
63085,la-solitudine,"class=""l_row""><span>Estudar"
63086,la-solitudine,é
63087,la-solitudine,"inútil,"
63088,la-solitudine,as
63089,la-solitudine,idéias
63090,la-solitudine,se
63091,la-solitudine,acumulam
63092,la-solitudine,em
63093,la-solitudine,você</span></span>
63094,la-solitudine,<span
63095,la-solitudine,"class=""l_row""><span>Não"
63096,la-solitudine,é
63097,la-solitudine,possível
63098,la-solitudine,dividir
63099,la-solitudine,a
63100,la-solitudine,vida
63101,la-solitudine,de
63102,la-solitudine,nós</span></span>
63103,la-solitudine,<span
63104,la-solitudine,"class=""l_row""><span>Por"
63105,la-solitudine,"favor,"
63106,la-solitudine,espere
63107,la-solitudine,por
63108,la-solitudine,mim
63109,la-solitudine,meu
63110,la-solitudine,amor...</span></span>
63111,la-solitudine,<span
63112,la-solitudine,"class=""l_row""><span>Mas"
63113,la-solitudine,não
63114,la-solitudine,se
63115,la-solitudine,engane!</span></span>
63116,la-solitudine,<span
63117,la-solitudine,"class=""l_row""><span>A"
63118,la-solitudine,solidão
63119,la-solitudine,entre
63120,la-solitudine,nós</span></span>
63121,la-solitudine,<span
63122,la-solitudine,"class=""l_row""><span>Este"
63123,la-solitudine,silêncio
63124,la-solitudine,dentro
63125,la-solitudine,de
63126,la-solitudine,mim</span></span>
63127,la-solitudine,<span
63128,la-solitudine,"class=""l_row""><span>É"
63129,la-solitudine,a
63130,la-solitudine,ansiedade
63131,la-solitudine,de
63132,la-solitudine,viver
63133,la-solitudine,a
63134,la-solitudine,vida
63135,la-solitudine,sem
63136,la-solitudine,você</span></span>
63137,la-solitudine,<span
63138,la-solitudine,"class=""l_row""><span>Por"
63139,la-solitudine,"favor,"
63140,la-solitudine,espere
63141,la-solitudine,por
63142,la-solitudine,"mim,"
63143,la-solitudine,porque</span></span>
63144,la-solitudine,<span
63145,la-solitudine,"class=""l_row""><span>Eu"
63146,la-solitudine,não
63147,la-solitudine,posso
63148,la-solitudine,viver
63149,la-solitudine,sem
63150,la-solitudine,você</span></span>
63151,la-solitudine,<span
63152,la-solitudine,"class=""l_row""><span>Não"
63153,la-solitudine,é
63154,la-solitudine,possível
63155,la-solitudine,dividir
63156,la-solitudine,a
63157,la-solitudine,história
63158,la-solitudine,de
63159,la-solitudine,nós
63160,la-solitudine,dois</span></span>
63161,la-solitudine,<span
63162,la-solitudine,"class=""l_row""><span>Este"
63163,la-solitudine,silêncio
63164,la-solitudine,dentro
63165,la-solitudine,de
63166,la-solitudine,mim</span></span>
63167,la-solitudine,<span
63168,la-solitudine,"class=""l_row""><span>É"
63169,la-solitudine,a
63170,la-solitudine,ansiedade
63171,la-solitudine,de
63172,la-solitudine,viver
63173,la-solitudine,a
63174,la-solitudine,vida
63175,la-solitudine,sem
63176,la-solitudine,você</span></span>
63177,la-solitudine,<span
63178,la-solitudine,"class=""l_row""><span>Por"
63179,la-solitudine,"favor,"
63180,la-solitudine,espere
63181,la-solitudine,por
63182,la-solitudine,"mim,"
63183,la-solitudine,porque</span></span>
63184,la-solitudine,<span
63185,la-solitudine,"class=""l_row""><span>Eu"
63186,la-solitudine,não
63187,la-solitudine,posso
63188,la-solitudine,viver
63189,la-solitudine,sem
63190,la-solitudine,você</span></span>
63191,la-solitudine,<span
63192,la-solitudine,"class=""l_row""><span>Não"
63193,la-solitudine,é
63194,la-solitudine,possível
63195,la-solitudine,dividir
63196,la-solitudine,a
63197,la-solitudine,história
63198,la-solitudine,de
63199,la-solitudine,nós
63200,la-solitudine,dois
63201,la-solitudine,sozinhos</span></span>
63202,la-solitudine,None
63512,leila,Quero
63513,leila,lhe
63514,leila,ver
63515,leila,Mas
63516,leila,nesse
63517,leila,horário
63518,leila,você
63519,leila,deve
63520,leila,estar
63521,leila,Pegando
63522,leila,os
63523,leila,filhotes
63524,leila,no
63525,leila,colégio
63526,leila,Depois
63527,leila,chegar
63528,leila,em
63529,leila,casa
63530,leila,Ver
63531,leila,o
63532,leila,resto
63533,leila,de
63534,leila,tudo
63535,leila,E
63536,leila,quando
63537,leila,vem
63538,leila,o
63539,leila,silêncio
63540,leila,Fumar
63541,leila,unzinho
63542,leila,e
63543,leila,ouvir
63544,leila,Coltrane
63545,leila,Não
63546,leila,faço
63547,leila,mais
63548,leila,isso
63549,leila,mas
63550,leila,entendo
63551,leila,muito
63552,leila,bem
63553,leila,Adoro
63554,leila,a
63555,leila,tua
63556,leila,voz
63557,leila,Adoro
63558,leila,teu
63559,leila,estilo
63560,leila,Adoro
63561,leila,tua
63562,leila,paz
63563,leila,de
63564,leila,espírito
63565,leila,Tem
63566,leila,reunião
63567,leila,do
63568,leila,condomínio
63569,leila,O
63570,leila,telefone
63571,leila,não
63572,leila,dá
63573,leila,linha
63574,leila,E
63575,leila,o
63576,leila,chuveiro
63577,leila,tá
63578,leila,dando
63579,leila,choque
63580,leila,Tem
63581,leila,uma
63582,leila,barata
63583,leila,voadora
63584,leila,no
63585,leila,quarto
63586,leila,das
63587,leila,crianças
63588,leila,E
63589,leila,os
63590,leila,monstrinhos
63591,leila,estão
63592,leila,gritando
63593,leila,alucinados
63594,leila,P'rá
63595,leila,eles
63596,leila,tudo
63597,leila,é
63598,leila,diversão
63599,leila,Mas
63600,leila,você
63601,leila,sabe
63602,leila,o
63603,leila,que
63604,leila,é
63605,leila,ter
63606,leila,"pavor,"
63607,leila,"pavor,"
63608,leila,pavor
63609,leila,De
63610,leila,baratas
63611,leila,voadoras
63612,leila,-
63613,leila,"Ai,"
63614,leila,eu
63615,leila,preciso
63616,leila,de
63617,leila,um
63618,leila,homem!
63619,leila,-
63620,leila,E
63621,leila,eu
63622,leila,digo:
63623,leila,-
63624,leila,"Ah,"
63625,leila,"Leila,"
63626,leila,eu
63627,leila,também!
63628,leila,-
63629,leila,E
63630,leila,a
63631,leila,gente
63632,leila,ri
63633,leila,Promete
63634,leila,trabalhar
63635,leila,mais
63636,leila,com
63637,leila,o
63638,leila,computador
63639,leila,E
63640,leila,terminar
63641,leila,seu
63642,leila,vídeo
63643,leila,até
63644,leila,setembro
63645,leila,Ter
63646,leila,que
63647,leila,pegar
63648,leila,o
63649,leila,carro
63650,leila,no
63651,leila,conserto
63652,leila,Ver
63653,leila,a
63654,leila,conta
63655,leila,do
63656,leila,"banco,"
63657,leila,"cartão,"
63658,leila,IPTU
63659,leila,Sábado
63660,leila,vai
63661,leila,ter
63662,leila,peixada
63663,leila,na
63664,leila,Analú
63665,leila,E
63666,leila,"domingo,"
63667,leila,cachorro-quente
63668,leila,com
63669,leila,as
63670,leila,crianças
63671,leila,na
63672,leila,Fernanda
63673,leila,Adoro
63674,leila,tua
63675,leila,força
63676,leila,E
63677,leila,adoro
63678,leila,dizer
63679,leila,seu
63680,leila,nome:
63681,leila,Leila
63682,leila,Às
63683,leila,vezes
63684,leila,as
63685,leila,coisas
63686,leila,são
63687,leila,"difíceis,"
63688,leila,minha
63689,leila,amiga
63690,leila,Mas
63691,leila,você
63692,leila,sabe
63693,leila,enfrentar
63694,leila,a
63695,leila,beleza
63696,leila,dessa
63697,leila,vida
63698,leila,Adoro
63699,leila,dizer
63700,leila,seu
63701,leila,nome:
63702,leila,"Lei.....la,"
63703,leila,Leila
63704,leila,None
64446,longe-do-meu-lado,O
64447,longe-do-meu-lado,mundo
64448,longe-do-meu-lado,não
64449,longe-do-meu-lado,pareceria
64450,longe-do-meu-lado,tão
64451,longe-do-meu-lado,equivocado
64452,longe-do-meu-lado,Te
64453,longe-do-meu-lado,dou
64454,longe-do-meu-lado,"carinho,"
64455,longe-do-meu-lado,respeito
64456,longe-do-meu-lado,e
64457,longe-do-meu-lado,um
64458,longe-do-meu-lado,afago
64459,longe-do-meu-lado,Mas
64460,longe-do-meu-lado,"entenda,"
64461,longe-do-meu-lado,eu
64462,longe-do-meu-lado,não
64463,longe-do-meu-lado,estou
64464,longe-do-meu-lado,apaixonado
64465,longe-do-meu-lado,A
64466,longe-do-meu-lado,paixão
64467,longe-do-meu-lado,já
64468,longe-do-meu-lado,passou
64469,longe-do-meu-lado,em
64470,longe-do-meu-lado,minha
64471,longe-do-meu-lado,vida
64472,longe-do-meu-lado,Foi
64473,longe-do-meu-lado,até
64474,longe-do-meu-lado,bom
64475,longe-do-meu-lado,mas
64476,longe-do-meu-lado,ao
64477,longe-do-meu-lado,final
64478,longe-do-meu-lado,deu
64479,longe-do-meu-lado,tudo
64480,longe-do-meu-lado,errado
64481,longe-do-meu-lado,E
64482,longe-do-meu-lado,agora
64483,longe-do-meu-lado,carrego
64484,longe-do-meu-lado,em
64485,longe-do-meu-lado,mim
64486,longe-do-meu-lado,Uma
64487,longe-do-meu-lado,dor
64488,longe-do-meu-lado,"triste,"
64489,longe-do-meu-lado,um
64490,longe-do-meu-lado,coração
64491,longe-do-meu-lado,cicatrizado
64492,longe-do-meu-lado,E
64493,longe-do-meu-lado,olha
64494,longe-do-meu-lado,que
64495,longe-do-meu-lado,tentei
64496,longe-do-meu-lado,o
64497,longe-do-meu-lado,meu
64498,longe-do-meu-lado,caminho
64499,longe-do-meu-lado,Mas
64500,longe-do-meu-lado,tudo
64501,longe-do-meu-lado,agora
64502,longe-do-meu-lado,é
64503,longe-do-meu-lado,coisa
64504,longe-do-meu-lado,do
64505,longe-do-meu-lado,passado
64506,longe-do-meu-lado,Quero
64507,longe-do-meu-lado,respeito
64508,longe-do-meu-lado,e
64509,longe-do-meu-lado,sempre
64510,longe-do-meu-lado,ter
64511,longe-do-meu-lado,alguém
64512,longe-do-meu-lado,Que
64513,longe-do-meu-lado,me
64514,longe-do-meu-lado,entenda
64515,longe-do-meu-lado,e
64516,longe-do-meu-lado,sempre
64517,longe-do-meu-lado,fique
64518,longe-do-meu-lado,a
64519,longe-do-meu-lado,meu
64520,longe-do-meu-lado,lado
64521,longe-do-meu-lado,Mas
64522,longe-do-meu-lado,"não,"
64523,longe-do-meu-lado,não
64524,longe-do-meu-lado,quero
64525,longe-do-meu-lado,estar
64526,longe-do-meu-lado,apaixonado
64527,longe-do-meu-lado,E
64528,longe-do-meu-lado,saudade
64529,longe-do-meu-lado,é
64530,longe-do-meu-lado,só
64531,longe-do-meu-lado,mágoa
64532,longe-do-meu-lado,por
64533,longe-do-meu-lado,ter
64534,longe-do-meu-lado,sido
64535,longe-do-meu-lado,feito
64536,longe-do-meu-lado,tanto
64537,longe-do-meu-lado,estrago
64538,longe-do-meu-lado,E
64539,longe-do-meu-lado,essa
64540,longe-do-meu-lado,escravidão
64541,longe-do-meu-lado,e
64542,longe-do-meu-lado,essa
64543,longe-do-meu-lado,dor
64544,longe-do-meu-lado,não
64545,longe-do-meu-lado,quero
64546,longe-do-meu-lado,mais
64547,longe-do-meu-lado,Quando
64548,longe-do-meu-lado,acreditei
64549,longe-do-meu-lado,que
64550,longe-do-meu-lado,tudo
64551,longe-do-meu-lado,era
64552,longe-do-meu-lado,um
64553,longe-do-meu-lado,fato
64554,longe-do-meu-lado,consumado
64555,longe-do-meu-lado,Veio
64556,longe-do-meu-lado,a
64557,longe-do-meu-lado,foice
64558,longe-do-meu-lado,e
64559,longe-do-meu-lado,jogou-te
64560,longe-do-meu-lado,longe
64561,longe-do-meu-lado,Longe
64562,longe-do-meu-lado,do
64563,longe-do-meu-lado,meu
64564,longe-do-meu-lado,lado
64565,longe-do-meu-lado,Podemos
64566,longe-do-meu-lado,ficar
64567,longe-do-meu-lado,juntos
64568,longe-do-meu-lado,e
64569,longe-do-meu-lado,vivermos
64570,longe-do-meu-lado,o
64571,longe-do-meu-lado,"futuro,"
64572,longe-do-meu-lado,não
64573,longe-do-meu-lado,o
64574,longe-do-meu-lado,passado
64575,longe-do-meu-lado,Veja
64576,longe-do-meu-lado,o
64577,longe-do-meu-lado,nosso
64578,longe-do-meu-lado,mundo
64579,longe-do-meu-lado,Eu
64580,longe-do-meu-lado,também
64581,longe-do-meu-lado,sei
64582,longe-do-meu-lado,que
64583,longe-do-meu-lado,dizem
64584,longe-do-meu-lado,Que
64585,longe-do-meu-lado,não
64586,longe-do-meu-lado,existe
64587,longe-do-meu-lado,amor
64588,longe-do-meu-lado,errado
64589,longe-do-meu-lado,Mas
64590,longe-do-meu-lado,"entenda,"
64591,longe-do-meu-lado,não
64592,longe-do-meu-lado,quero
64593,longe-do-meu-lado,estar
64594,longe-do-meu-lado,apaixonado
64595,longe-do-meu-lado,None
65380,love-in-the-afternoon,Os
65381,love-in-the-afternoon,bons
65382,love-in-the-afternoon,morrem
65383,love-in-the-afternoon,jovens
65384,love-in-the-afternoon,Assim
65385,love-in-the-afternoon,parece
65386,love-in-the-afternoon,ser
65387,love-in-the-afternoon,Quando
65388,love-in-the-afternoon,me
65389,love-in-the-afternoon,lembro
65390,love-in-the-afternoon,de
65391,love-in-the-afternoon,você
65392,love-in-the-afternoon,Que
65393,love-in-the-afternoon,acabou
65394,love-in-the-afternoon,indo
65395,love-in-the-afternoon,embora
65396,love-in-the-afternoon,Cedo
65397,love-in-the-afternoon,demais
65398,love-in-the-afternoon,Me
65399,love-in-the-afternoon,apaixono
65400,love-in-the-afternoon,todo
65401,love-in-the-afternoon,dia
65402,love-in-the-afternoon,É
65403,love-in-the-afternoon,sempre
65404,love-in-the-afternoon,a
65405,love-in-the-afternoon,pessoa
65406,love-in-the-afternoon,errada
65407,love-in-the-afternoon,Você
65408,love-in-the-afternoon,sorriu
65409,love-in-the-afternoon,e
65410,love-in-the-afternoon,disse
65411,love-in-the-afternoon,Eu
65412,love-in-the-afternoon,gosto
65413,love-in-the-afternoon,de
65414,love-in-the-afternoon,você
65415,love-in-the-afternoon,também
65416,love-in-the-afternoon,Só
65417,love-in-the-afternoon,que
65418,love-in-the-afternoon,você
65419,love-in-the-afternoon,foi
65420,love-in-the-afternoon,embora
65421,love-in-the-afternoon,Cedo
65422,love-in-the-afternoon,demais!
65423,love-in-the-afternoon,Meu
65424,love-in-the-afternoon,trabalho
65425,love-in-the-afternoon,e
65426,love-in-the-afternoon,meus
65427,love-in-the-afternoon,amigos
65428,love-in-the-afternoon,E
65429,love-in-the-afternoon,me
65430,love-in-the-afternoon,lembro
65431,love-in-the-afternoon,de
65432,love-in-the-afternoon,você
65433,love-in-the-afternoon,Dias
65434,love-in-the-afternoon,assim
65435,love-in-the-afternoon,Dia
65436,love-in-the-afternoon,de
65437,love-in-the-afternoon,chuva
65438,love-in-the-afternoon,Dia
65439,love-in-the-afternoon,de
65440,love-in-the-afternoon,Sol
65441,love-in-the-afternoon,E
65442,love-in-the-afternoon,o
65443,love-in-the-afternoon,que
65444,love-in-the-afternoon,sinto
65445,love-in-the-afternoon,não
65446,love-in-the-afternoon,sei
65447,love-in-the-afternoon,dizer
65448,love-in-the-afternoon,Vai
65449,love-in-the-afternoon,em
65450,love-in-the-afternoon,paz
65451,love-in-the-afternoon,Era
65452,love-in-the-afternoon,assim
65453,love-in-the-afternoon,todo
65454,love-in-the-afternoon,dia
65455,love-in-the-afternoon,de
65456,love-in-the-afternoon,tarde
65457,love-in-the-afternoon,A
65458,love-in-the-afternoon,descoberta
65459,love-in-the-afternoon,da
65460,love-in-the-afternoon,amizade
65461,love-in-the-afternoon,Até
65462,love-in-the-afternoon,a
65463,love-in-the-afternoon,próxima
65464,love-in-the-afternoon,vez
65465,love-in-the-afternoon,Os
65466,love-in-the-afternoon,bons
65467,love-in-the-afternoon,morrem
65468,love-in-the-afternoon,antes
65469,love-in-the-afternoon,Me
65470,love-in-the-afternoon,lembro
65471,love-in-the-afternoon,de
65472,love-in-the-afternoon,você
65473,love-in-the-afternoon,E
65474,love-in-the-afternoon,de
65475,love-in-the-afternoon,tanta
65476,love-in-the-afternoon,gente
65477,love-in-the-afternoon,que
65478,love-in-the-afternoon,se
65479,love-in-the-afternoon,foi
65480,love-in-the-afternoon,Cedo
65481,love-in-the-afternoon,demais!
65482,love-in-the-afternoon,E
65483,love-in-the-afternoon,cedo
65484,love-in-the-afternoon,demais
65485,love-in-the-afternoon,Tudo
65486,love-in-the-afternoon,o
65487,love-in-the-afternoon,que
65488,love-in-the-afternoon,sempre
65489,love-in-the-afternoon,quis
65490,love-in-the-afternoon,Só
65491,love-in-the-afternoon,não
65492,love-in-the-afternoon,aprendi
65493,love-in-the-afternoon,a
65494,love-in-the-afternoon,perder
65495,love-in-the-afternoon,E
65496,love-in-the-afternoon,eu
65497,love-in-the-afternoon,que
65498,love-in-the-afternoon,tive
65499,love-in-the-afternoon,um
65500,love-in-the-afternoon,começo
65501,love-in-the-afternoon,feliz
65502,love-in-the-afternoon,Do
65503,love-in-the-afternoon,resto
65504,love-in-the-afternoon,não
65505,love-in-the-afternoon,sei
65506,love-in-the-afternoon,dizer
65507,love-in-the-afternoon,Não
65508,love-in-the-afternoon,é
65509,love-in-the-afternoon,"sempre,"
65510,love-in-the-afternoon,mas
65511,love-in-the-afternoon,eu
65512,love-in-the-afternoon,sei
65513,love-in-the-afternoon,Que
65514,love-in-the-afternoon,você
65515,love-in-the-afternoon,está
65516,love-in-the-afternoon,bem
65517,love-in-the-afternoon,agora
65518,love-in-the-afternoon,Só
65519,love-in-the-afternoon,que
65520,love-in-the-afternoon,neste
65521,love-in-the-afternoon,ano
65522,love-in-the-afternoon,O
65523,love-in-the-afternoon,verão
65524,love-in-the-afternoon,acabou
65525,love-in-the-afternoon,None
66314,love-song,E
66315,love-song,ouço
66316,love-song,del
66317,love-song,sempre
66318,love-song,falar
66319,love-song,Pero
66320,love-song,sei
66321,love-song,que
66322,love-song,me
66323,love-song,quer
66324,love-song,matar
66325,love-song,Mas
66326,love-song,rogarei
66327,love-song,a
66328,love-song,mia
66329,love-song,Senhor
66330,love-song,Que
66331,love-song,me
66332,love-song,mostr'aquel
66333,love-song,matador
66334,love-song,Ou
66335,love-song,que
66336,love-song,m'ampare
66337,love-song,del
66338,love-song,melhor
66339,love-song,None
69116,mais-do-mesmo,Subindo
69117,mais-do-mesmo,o
69118,mais-do-mesmo,morro
69119,mais-do-mesmo,pra
69120,mais-do-mesmo,tentar
69121,mais-do-mesmo,se
69122,mais-do-mesmo,divertir
69123,mais-do-mesmo,Mas
69124,mais-do-mesmo,já
69125,mais-do-mesmo,disse
69126,mais-do-mesmo,que
69127,mais-do-mesmo,não
69128,mais-do-mesmo,tem
69129,mais-do-mesmo,e
69130,mais-do-mesmo,você
69131,mais-do-mesmo,ainda
69132,mais-do-mesmo,quer
69133,mais-do-mesmo,mais
69134,mais-do-mesmo,Por
69135,mais-do-mesmo,que
69136,mais-do-mesmo,você
69137,mais-do-mesmo,não
69138,mais-do-mesmo,me
69139,mais-do-mesmo,deixa
69140,mais-do-mesmo,em
69141,mais-do-mesmo,paz?
69142,mais-do-mesmo,E
69143,mais-do-mesmo,agora
69144,mais-do-mesmo,você
69145,mais-do-mesmo,quer
69146,mais-do-mesmo,que
69147,mais-do-mesmo,eu
69148,mais-do-mesmo,fique
69149,mais-do-mesmo,assim
69150,mais-do-mesmo,igual
69151,mais-do-mesmo,a
69152,mais-do-mesmo,você
69153,mais-do-mesmo,É
69154,mais-do-mesmo,"mesmo,"
69155,mais-do-mesmo,como
69156,mais-do-mesmo,vou
69157,mais-do-mesmo,crescer
69158,mais-do-mesmo,se
69159,mais-do-mesmo,nada
69160,mais-do-mesmo,cresce
69161,mais-do-mesmo,por
69162,mais-do-mesmo,aqui?
69163,mais-do-mesmo,Quando
69164,mais-do-mesmo,se
69165,mais-do-mesmo,tem
69166,mais-do-mesmo,chacina
69167,mais-do-mesmo,de
69168,mais-do-mesmo,adolescente?
69169,mais-do-mesmo,Como
69170,mais-do-mesmo,é
69171,mais-do-mesmo,que
69172,mais-do-mesmo,você
69173,mais-do-mesmo,se
69174,mais-do-mesmo,sente?
69175,mais-do-mesmo,Como
69176,mais-do-mesmo,é
69177,mais-do-mesmo,que
69178,mais-do-mesmo,você
69179,mais-do-mesmo,se
69180,mais-do-mesmo,sente?
69181,mais-do-mesmo,Sempre
69182,mais-do-mesmo,mais
69183,mais-do-mesmo,do
69184,mais-do-mesmo,mesmo
69185,mais-do-mesmo,Não
69186,mais-do-mesmo,era
69187,mais-do-mesmo,isso
69188,mais-do-mesmo,que
69189,mais-do-mesmo,você
69190,mais-do-mesmo,queria
69191,mais-do-mesmo,ouvir?
69192,mais-do-mesmo,Exatamente
69193,mais-do-mesmo,o
69194,mais-do-mesmo,que
69195,mais-do-mesmo,eu
69196,mais-do-mesmo,"sinto,"
69197,mais-do-mesmo,como
69198,mais-do-mesmo,eu
69199,mais-do-mesmo,penso
69200,mais-do-mesmo,e
69201,mais-do-mesmo,como
69202,mais-do-mesmo,sou
69203,mais-do-mesmo,Eu
69204,mais-do-mesmo,realmente
69205,mais-do-mesmo,não
69206,mais-do-mesmo,sabia
69207,mais-do-mesmo,que
69208,mais-do-mesmo,eu
69209,mais-do-mesmo,pensava
69210,mais-do-mesmo,assim
69211,mais-do-mesmo,Um
69212,mais-do-mesmo,retrato
69213,mais-do-mesmo,do
69214,mais-do-mesmo,país
69215,mais-do-mesmo,Mas
69216,mais-do-mesmo,queimaram
69217,mais-do-mesmo,o
69218,mais-do-mesmo,filme
69219,mais-do-mesmo,Queimaram
69220,mais-do-mesmo,o
69221,mais-do-mesmo,filme
69222,mais-do-mesmo,Todos
69223,mais-do-mesmo,os
69224,mais-do-mesmo,doentes
69225,mais-do-mesmo,estão
69226,mais-do-mesmo,cantando
69227,mais-do-mesmo,Sucessos
69228,mais-do-mesmo,populares
69229,mais-do-mesmo,(E
69230,mais-do-mesmo,todos
69231,mais-do-mesmo,os
69232,mais-do-mesmo,índios
69233,mais-do-mesmo,foram
69234,mais-do-mesmo,mortos)
69235,mais-do-mesmo,None
70050,marcianos-invadem-terra,Voamos
70051,marcianos-invadem-terra,alto
70052,marcianos-invadem-terra,depois
70053,marcianos-invadem-terra,das
70054,marcianos-invadem-terra,duas
70055,marcianos-invadem-terra,Mas
70056,marcianos-invadem-terra,as
70057,marcianos-invadem-terra,cervejas
70058,marcianos-invadem-terra,acabaram
70059,marcianos-invadem-terra,e
70060,marcianos-invadem-terra,os
70061,marcianos-invadem-terra,cigarros
70062,marcianos-invadem-terra,também
70063,marcianos-invadem-terra,Cuidado
70064,marcianos-invadem-terra,com
70065,marcianos-invadem-terra,a
70066,marcianos-invadem-terra,coisa
70067,marcianos-invadem-terra,coisando
70068,marcianos-invadem-terra,por
70069,marcianos-invadem-terra,aí
70070,marcianos-invadem-terra,A
70071,marcianos-invadem-terra,coisa
70072,marcianos-invadem-terra,coisa
70073,marcianos-invadem-terra,sempre
70074,marcianos-invadem-terra,e
70075,marcianos-invadem-terra,também
70076,marcianos-invadem-terra,coisa
70077,marcianos-invadem-terra,por
70078,marcianos-invadem-terra,aqui
70079,marcianos-invadem-terra,Sequestra
70080,marcianos-invadem-terra,o
70081,marcianos-invadem-terra,seu
70082,marcianos-invadem-terra,"resgate,"
70083,marcianos-invadem-terra,envenena
70084,marcianos-invadem-terra,a
70085,marcianos-invadem-terra,sua
70086,marcianos-invadem-terra,atenção
70087,marcianos-invadem-terra,É
70088,marcianos-invadem-terra,verbo
70089,marcianos-invadem-terra,e
70090,marcianos-invadem-terra,substantivo/adjetivo
70091,marcianos-invadem-terra,e
70092,marcianos-invadem-terra,palavrão
70093,marcianos-invadem-terra,E
70094,marcianos-invadem-terra,quer
70095,marcianos-invadem-terra,o
70096,marcianos-invadem-terra,meu
70097,marcianos-invadem-terra,dinheiro
70098,marcianos-invadem-terra,e
70099,marcianos-invadem-terra,as
70100,marcianos-invadem-terra,minhas
70101,marcianos-invadem-terra,opiniões
70102,marcianos-invadem-terra,"Ora,"
70103,marcianos-invadem-terra,se
70104,marcianos-invadem-terra,você
70105,marcianos-invadem-terra,quiser
70106,marcianos-invadem-terra,se
70107,marcianos-invadem-terra,divertir
70108,marcianos-invadem-terra,Invente
70109,marcianos-invadem-terra,suas
70110,marcianos-invadem-terra,próprias
70111,marcianos-invadem-terra,canções
70112,marcianos-invadem-terra,Janelas
70113,marcianos-invadem-terra,de
70114,marcianos-invadem-terra,hotéis
70115,marcianos-invadem-terra,Garagens
70116,marcianos-invadem-terra,vazias
70117,marcianos-invadem-terra,Fronteiras
70118,marcianos-invadem-terra,Granadas
70119,marcianos-invadem-terra,Lençóis
70120,marcianos-invadem-terra,E
70121,marcianos-invadem-terra,existem
70122,marcianos-invadem-terra,muitos
70123,marcianos-invadem-terra,formatos
70124,marcianos-invadem-terra,Que
70125,marcianos-invadem-terra,só
70126,marcianos-invadem-terra,têm
70127,marcianos-invadem-terra,verniz
70128,marcianos-invadem-terra,e
70129,marcianos-invadem-terra,não
70130,marcianos-invadem-terra,tem
70131,marcianos-invadem-terra,invenção
70132,marcianos-invadem-terra,E
70133,marcianos-invadem-terra,tudo
70134,marcianos-invadem-terra,aquilo
70135,marcianos-invadem-terra,contra
70136,marcianos-invadem-terra,o
70137,marcianos-invadem-terra,que
70138,marcianos-invadem-terra,sempre
70139,marcianos-invadem-terra,lutam
70140,marcianos-invadem-terra,É
70141,marcianos-invadem-terra,exatamente
70142,marcianos-invadem-terra,tudo
70143,marcianos-invadem-terra,aquilo
70144,marcianos-invadem-terra,o
70145,marcianos-invadem-terra,que
70146,marcianos-invadem-terra,eles
70147,marcianos-invadem-terra,são
70148,marcianos-invadem-terra,Estão
70149,marcianos-invadem-terra,inflando
70150,marcianos-invadem-terra,o
70151,marcianos-invadem-terra,meu
70152,marcianos-invadem-terra,ego
70153,marcianos-invadem-terra,com
70154,marcianos-invadem-terra,ar
70155,marcianos-invadem-terra,E
70156,marcianos-invadem-terra,quando
70157,marcianos-invadem-terra,acho
70158,marcianos-invadem-terra,que
70159,marcianos-invadem-terra,estou
70160,marcianos-invadem-terra,quase
70161,marcianos-invadem-terra,chegando
70162,marcianos-invadem-terra,Tenho
70163,marcianos-invadem-terra,que
70164,marcianos-invadem-terra,dobrar
70165,marcianos-invadem-terra,mais
70166,marcianos-invadem-terra,uma
70167,marcianos-invadem-terra,esquina
70168,marcianos-invadem-terra,Não
70169,marcianos-invadem-terra,tenho
70170,marcianos-invadem-terra,tanto
70171,marcianos-invadem-terra,tempo
70172,marcianos-invadem-terra,assim
70173,marcianos-invadem-terra,E
70174,marcianos-invadem-terra,mesmo
70175,marcianos-invadem-terra,se
70176,marcianos-invadem-terra,eu
70177,marcianos-invadem-terra,tiver
70178,marcianos-invadem-terra,a
70179,marcianos-invadem-terra,minha
70180,marcianos-invadem-terra,liberdade:
70181,marcianos-invadem-terra,Será
70182,marcianos-invadem-terra,que
70183,marcianos-invadem-terra,existe
70184,marcianos-invadem-terra,vida
70185,marcianos-invadem-terra,em
70186,marcianos-invadem-terra,Marte?
70187,marcianos-invadem-terra,None
70984,mariane,I've
70985,mariane,been
70986,mariane,thinking
70987,mariane,a
70988,mariane,lot
70989,mariane,I've
70990,mariane,been
70991,mariane,doing
70992,mariane,some
70993,mariane,things
70994,mariane,That
70995,mariane,are
70996,mariane,not
70997,mariane,quite
70998,mariane,right
70999,mariane,I've
71000,mariane,been
71001,mariane,thinking
71002,mariane,about
71003,mariane,you
71004,mariane,I've
71005,mariane,been
71006,mariane,thinking
71007,mariane,about
71008,mariane,you
71009,mariane,When
71010,mariane,will
71011,mariane,you
71012,mariane,return?
71013,mariane,I've
71014,mariane,been
71015,mariane,thinking
71016,mariane,a
71017,mariane,lot
71018,mariane,I've
71019,mariane,been
71020,mariane,lost
71021,mariane,in
71022,mariane,the
71023,mariane,morning
71024,mariane,I
71025,mariane,don't
71026,mariane,know
71027,mariane,what
71028,mariane,it
71029,mariane,costs
71030,mariane,Will
71031,mariane,you
71032,mariane,find
71033,mariane,me
71034,mariane,there?
71035,mariane,I
71036,mariane,don't
71037,mariane,know
71038,mariane,where
71039,mariane,I'm
71040,mariane,going
71041,mariane,And
71042,mariane,I
71043,mariane,guess
71044,mariane,it's
71045,mariane,just
71046,mariane,a
71047,mariane,phase
71048,mariane,I
71049,mariane,don't
71050,mariane,know
71051,mariane,where
71052,mariane,I'm
71053,mariane,going
71054,mariane,And
71055,mariane,I
71056,mariane,guess
71057,mariane,it's
71058,mariane,just
71059,mariane,a
71060,mariane,phase
71061,mariane,I
71062,mariane,don't
71063,mariane,know
71064,mariane,where
71065,mariane,I'm
71066,mariane,going
71067,mariane,And
71068,mariane,I
71069,mariane,guess
71070,mariane,it's
71071,mariane,just
71072,mariane,a
71073,mariane,phase
71074,mariane,I
71075,mariane,don't
71076,mariane,know
71077,mariane,where
71078,mariane,I'm
71079,mariane,going
71080,mariane,I've
71081,mariane,been
71082,mariane,thinking
71083,mariane,a
71084,mariane,lot
71085,mariane,I've
71086,mariane,been
71087,mariane,lost
71088,mariane,in
71089,mariane,the
71090,mariane,morning
71091,mariane,I
71092,mariane,don't
71093,mariane,know
71094,mariane,what
71095,mariane,it
71096,mariane,costs
71097,mariane,I
71098,mariane,don't
71099,mariane,think
71100,mariane,about
71101,mariane,you
71102,mariane,I
71103,mariane,will
71104,mariane,be
71105,mariane,able
71106,mariane,to
71107,mariane,do
71108,mariane,Will
71109,mariane,you
71110,mariane,let
71111,mariane,me
71112,mariane,be?
71113,mariane,I
71114,mariane,guess
71115,mariane,it's
71116,mariane,just
71117,mariane,a
71118,mariane,phase
71119,mariane,And
71120,mariane,I
71121,mariane,don't
71122,mariane,know
71123,mariane,where
71124,mariane,I'm
71125,mariane,going
71126,mariane,I
71127,mariane,guess
71128,mariane,it's
71129,mariane,just
71130,mariane,a
71131,mariane,phase
71132,mariane,I
71133,mariane,guess
71134,mariane,it's
71135,mariane,just
71136,mariane,a
71137,mariane,phase
71138,mariane,And
71139,mariane,I
71140,mariane,don't
71141,mariane,know
71142,mariane,where
71143,mariane,I'm
71144,mariane,going
71145,mariane,I
71146,mariane,guess
71147,mariane,it's
71148,mariane,just
71149,mariane,a
71150,mariane,phase
71151,mariane,None
71918,mauricio,O
71919,mauricio,meu
71920,mauricio,coração
71921,mauricio,já
71922,mauricio,não
71923,mauricio,me
71924,mauricio,pertence
71925,mauricio,Já
71926,mauricio,não
71927,mauricio,quer
71928,mauricio,mais
71929,mauricio,me
71930,mauricio,obedecer
71931,mauricio,Parece
71932,mauricio,agora
71933,mauricio,estar
71934,mauricio,tão
71935,mauricio,cansado
71936,mauricio,quanto
71937,mauricio,eu
71938,mauricio,Que
71939,mauricio,ainda
71940,mauricio,sou
71941,mauricio,capaz
71942,mauricio,de
71943,mauricio,acreditar
71944,mauricio,Me
71945,mauricio,sinto
71946,mauricio,tão
71947,mauricio,só
71948,mauricio,E
71949,mauricio,dizem
71950,mauricio,que
71951,mauricio,a
71952,mauricio,solidão
71953,mauricio,até
71954,mauricio,que
71955,mauricio,me
71956,mauricio,cai
71957,mauricio,bem
71958,mauricio,Às
71959,mauricio,vezes
71960,mauricio,quero
71961,mauricio,ir
71962,mauricio,Pra
71963,mauricio,algum
71964,mauricio,país
71965,mauricio,distante
71966,mauricio,Voltar
71967,mauricio,a
71968,mauricio,ser
71969,mauricio,feliz
71970,mauricio,Se
71971,mauricio,tudo
71972,mauricio,que
71973,mauricio,sonhei
71974,mauricio,foi
71975,mauricio,mesmo
71976,mauricio,um
71977,mauricio,sonho
71978,mauricio,meu
71979,mauricio,Se
71980,mauricio,meu
71981,mauricio,desejo
71982,mauricio,então
71983,mauricio,já
71984,mauricio,se
71985,mauricio,realizou
71986,mauricio,O
71987,mauricio,que
71988,mauricio,fazer
71989,mauricio,"depois,"
71990,mauricio,pra
71991,mauricio,onde
71992,mauricio,é
71993,mauricio,que
71994,mauricio,eu
71995,mauricio,vou?
71996,mauricio,Eu
71997,mauricio,vi
71998,mauricio,você
71999,mauricio,voltar
72000,mauricio,pra
72001,mauricio,mim
72002,mauricio,Eu
72003,mauricio,vi
72004,mauricio,você
72005,mauricio,voltar
72006,mauricio,pra
72007,mauricio,mim
72008,mauricio,Eu
72009,mauricio,vi
72010,mauricio,você
72011,mauricio,voltar
72012,mauricio,pra
72013,mauricio,mim
72014,mauricio,None
72852,meninos-meninas,Vem
72853,meninos-meninas,comigo
72854,meninos-meninas,procurar
72855,meninos-meninas,algum
72856,meninos-meninas,lugar
72857,meninos-meninas,mais
72858,meninos-meninas,calmo
72859,meninos-meninas,Longe
72860,meninos-meninas,dessa
72861,meninos-meninas,confusão
72862,meninos-meninas,e
72863,meninos-meninas,dessa
72864,meninos-meninas,gente
72865,meninos-meninas,que
72866,meninos-meninas,não
72867,meninos-meninas,se
72868,meninos-meninas,respeita
72869,meninos-meninas,Tenho
72870,meninos-meninas,quase
72871,meninos-meninas,certeza
72872,meninos-meninas,que
72873,meninos-meninas,eu
72874,meninos-meninas,não
72875,meninos-meninas,sou
72876,meninos-meninas,daqui
72877,meninos-meninas,Gosto
72878,meninos-meninas,de
72879,meninos-meninas,São
72880,meninos-meninas,Francisco
72881,meninos-meninas,e
72882,meninos-meninas,São
72883,meninos-meninas,Sebastião
72884,meninos-meninas,E
72885,meninos-meninas,eu
72886,meninos-meninas,gosto
72887,meninos-meninas,de
72888,meninos-meninas,meninos
72889,meninos-meninas,e
72890,meninos-meninas,meninas
72891,meninos-meninas,Vai
72892,meninos-meninas,ficando
72893,meninos-meninas,complicado
72894,meninos-meninas,e
72895,meninos-meninas,ao
72896,meninos-meninas,mesmo
72897,meninos-meninas,tempo
72898,meninos-meninas,diferente
72899,meninos-meninas,Estou
72900,meninos-meninas,cansado
72901,meninos-meninas,de
72902,meninos-meninas,bater
72903,meninos-meninas,e
72904,meninos-meninas,ninguém
72905,meninos-meninas,abrir
72906,meninos-meninas,Você
72907,meninos-meninas,me
72908,meninos-meninas,deixou
72909,meninos-meninas,sentindo
72910,meninos-meninas,tanto
72911,meninos-meninas,frio
72912,meninos-meninas,Não
72913,meninos-meninas,sei
72914,meninos-meninas,mais
72915,meninos-meninas,o
72916,meninos-meninas,que
72917,meninos-meninas,dizer
72918,meninos-meninas,Fui
72919,meninos-meninas,teu
72920,meninos-meninas,"amigo,"
72921,meninos-meninas,te
72922,meninos-meninas,levei
72923,meninos-meninas,comigo
72924,meninos-meninas,E
72925,meninos-meninas,me
72926,meninos-meninas,diz:
72927,meninos-meninas,pra
72928,meninos-meninas,mim
72929,meninos-meninas,o
72930,meninos-meninas,que
72931,meninos-meninas,é
72932,meninos-meninas,que
72933,meninos-meninas,ficou?
72934,meninos-meninas,Não
72935,meninos-meninas,é
72936,meninos-meninas,a
72937,meninos-meninas,vida
72938,meninos-meninas,como
72939,meninos-meninas,"está,"
72940,meninos-meninas,e
72941,meninos-meninas,sim
72942,meninos-meninas,as
72943,meninos-meninas,coisas
72944,meninos-meninas,como
72945,meninos-meninas,são
72946,meninos-meninas,Você
72947,meninos-meninas,não
72948,meninos-meninas,quis
72949,meninos-meninas,tentar
72950,meninos-meninas,me
72951,meninos-meninas,ajudar
72952,meninos-meninas,"Então,"
72953,meninos-meninas,a
72954,meninos-meninas,culpa
72955,meninos-meninas,é
72956,meninos-meninas,de
72957,meninos-meninas,quem?
72958,meninos-meninas,A
72959,meninos-meninas,culpa
72960,meninos-meninas,é
72961,meninos-meninas,de
72962,meninos-meninas,quem?
72963,meninos-meninas,Acho
72964,meninos-meninas,que
72965,meninos-meninas,o
72966,meninos-meninas,imperfeito
72967,meninos-meninas,não
72968,meninos-meninas,participa
72969,meninos-meninas,do
72970,meninos-meninas,passado
72971,meninos-meninas,Troco
72972,meninos-meninas,as
72973,meninos-meninas,"pessoas,"
72974,meninos-meninas,troco
72975,meninos-meninas,os
72976,meninos-meninas,pronomes
72977,meninos-meninas,Preciso
72978,meninos-meninas,ter
72979,meninos-meninas,"dinheiro,"
72980,meninos-meninas,preciso
72981,meninos-meninas,de
72982,meninos-meninas,carinho
72983,meninos-meninas,Acho
72984,meninos-meninas,que
72985,meninos-meninas,te
72986,meninos-meninas,"amava,"
72987,meninos-meninas,agora
72988,meninos-meninas,acho
72989,meninos-meninas,que
72990,meninos-meninas,te
72991,meninos-meninas,odeio
72992,meninos-meninas,São
72993,meninos-meninas,tudo
72994,meninos-meninas,pequenas
72995,meninos-meninas,coisas
72996,meninos-meninas,e
72997,meninos-meninas,tudo
72998,meninos-meninas,deve
72999,meninos-meninas,passar
73000,meninos-meninas,Gosto
73001,meninos-meninas,de
73002,meninos-meninas,São
73003,meninos-meninas,Francisco
73004,meninos-meninas,e
73005,meninos-meninas,São
73006,meninos-meninas,Sebastião
73007,meninos-meninas,E
73008,meninos-meninas,eu
73009,meninos-meninas,gosto
73010,meninos-meninas,de
73011,meninos-meninas,meninos
73012,meninos-meninas,e
73013,meninos-meninas,meninas
73014,meninos-meninas,None
73786,metal-contra-as-nuvens,"Ninguém,"
73787,metal-contra-as-nuvens,senhor
73788,metal-contra-as-nuvens,do
73789,metal-contra-as-nuvens,meu
73790,metal-contra-as-nuvens,domínio
73791,metal-contra-as-nuvens,Sei
73792,metal-contra-as-nuvens,o
73793,metal-contra-as-nuvens,que
73794,metal-contra-as-nuvens,devo
73795,metal-contra-as-nuvens,defender
73796,metal-contra-as-nuvens,"E,"
73797,metal-contra-as-nuvens,por
73798,metal-contra-as-nuvens,valor
73799,metal-contra-as-nuvens,eu
73800,metal-contra-as-nuvens,tenho
73801,metal-contra-as-nuvens,E
73802,metal-contra-as-nuvens,temo
73803,metal-contra-as-nuvens,o
73804,metal-contra-as-nuvens,que
73805,metal-contra-as-nuvens,agora
73806,metal-contra-as-nuvens,se
73807,metal-contra-as-nuvens,desfaz
73808,metal-contra-as-nuvens,Por
73809,metal-contra-as-nuvens,entre
73810,metal-contra-as-nuvens,abismos
73811,metal-contra-as-nuvens,e
73812,metal-contra-as-nuvens,florestas
73813,metal-contra-as-nuvens,Por
73814,metal-contra-as-nuvens,Deus
73815,metal-contra-as-nuvens,nunca
73816,metal-contra-as-nuvens,me
73817,metal-contra-as-nuvens,vi
73818,metal-contra-as-nuvens,tão
73819,metal-contra-as-nuvens,só
73820,metal-contra-as-nuvens,É
73821,metal-contra-as-nuvens,a
73822,metal-contra-as-nuvens,própria
73823,metal-contra-as-nuvens,fé
73824,metal-contra-as-nuvens,o
73825,metal-contra-as-nuvens,que
73826,metal-contra-as-nuvens,destrói
73827,metal-contra-as-nuvens,Estes
73828,metal-contra-as-nuvens,são
73829,metal-contra-as-nuvens,dias
73830,metal-contra-as-nuvens,desleais
73831,metal-contra-as-nuvens,Eu
73832,metal-contra-as-nuvens,sou
73833,metal-contra-as-nuvens,"metal,"
73834,metal-contra-as-nuvens,eu
73835,metal-contra-as-nuvens,sou
73836,metal-contra-as-nuvens,o
73837,metal-contra-as-nuvens,ouro
73838,metal-contra-as-nuvens,em
73839,metal-contra-as-nuvens,seu
73840,metal-contra-as-nuvens,brasão
73841,metal-contra-as-nuvens,Eu
73842,metal-contra-as-nuvens,sou
73843,metal-contra-as-nuvens,"metal,"
73844,metal-contra-as-nuvens,me
73845,metal-contra-as-nuvens,sabe
73846,metal-contra-as-nuvens,o
73847,metal-contra-as-nuvens,sopro
73848,metal-contra-as-nuvens,do
73849,metal-contra-as-nuvens,dragão
73850,metal-contra-as-nuvens,Quando
73851,metal-contra-as-nuvens,tudo
73852,metal-contra-as-nuvens,é
73853,metal-contra-as-nuvens,traição
73854,metal-contra-as-nuvens,O
73855,metal-contra-as-nuvens,que
73856,metal-contra-as-nuvens,venho
73857,metal-contra-as-nuvens,encontrar
73858,metal-contra-as-nuvens,É
73859,metal-contra-as-nuvens,a
73860,metal-contra-as-nuvens,virtude
73861,metal-contra-as-nuvens,em
73862,metal-contra-as-nuvens,outras
73863,metal-contra-as-nuvens,mãos
73864,metal-contra-as-nuvens,E
73865,metal-contra-as-nuvens,sempre
73866,metal-contra-as-nuvens,será
73867,metal-contra-as-nuvens,Minha
73868,metal-contra-as-nuvens,terra
73869,metal-contra-as-nuvens,tem
73870,metal-contra-as-nuvens,a
73871,metal-contra-as-nuvens,"lua,"
73872,metal-contra-as-nuvens,tem
73873,metal-contra-as-nuvens,estrelas
73874,metal-contra-as-nuvens,E
73875,metal-contra-as-nuvens,sempre
73876,metal-contra-as-nuvens,terá
73877,metal-contra-as-nuvens,E
73878,metal-contra-as-nuvens,o
73879,metal-contra-as-nuvens,que
73880,metal-contra-as-nuvens,vejo
73881,metal-contra-as-nuvens,é
73882,metal-contra-as-nuvens,fome
73883,metal-contra-as-nuvens,e
73884,metal-contra-as-nuvens,destruição
73885,metal-contra-as-nuvens,Perdi
73886,metal-contra-as-nuvens,a
73887,metal-contra-as-nuvens,minha
73888,metal-contra-as-nuvens,sela
73889,metal-contra-as-nuvens,e
73890,metal-contra-as-nuvens,a
73891,metal-contra-as-nuvens,minha
73892,metal-contra-as-nuvens,espada
73893,metal-contra-as-nuvens,Perdi
73894,metal-contra-as-nuvens,o
73895,metal-contra-as-nuvens,meu
73896,metal-contra-as-nuvens,castelo
73897,metal-contra-as-nuvens,e
73898,metal-contra-as-nuvens,minha
73899,metal-contra-as-nuvens,princesa
73900,metal-contra-as-nuvens,"E,"
73901,metal-contra-as-nuvens,por
73902,metal-contra-as-nuvens,"honra,"
73903,metal-contra-as-nuvens,se
73904,metal-contra-as-nuvens,existir
73905,metal-contra-as-nuvens,verdade
73906,metal-contra-as-nuvens,Existem
73907,metal-contra-as-nuvens,os
73908,metal-contra-as-nuvens,tolos
73909,metal-contra-as-nuvens,e
73910,metal-contra-as-nuvens,existe
73911,metal-contra-as-nuvens,o
73912,metal-contra-as-nuvens,ladrão
73913,metal-contra-as-nuvens,E
73914,metal-contra-as-nuvens,há
73915,metal-contra-as-nuvens,quem
73916,metal-contra-as-nuvens,se
73917,metal-contra-as-nuvens,alimente
73918,metal-contra-as-nuvens,do
73919,metal-contra-as-nuvens,que
73920,metal-contra-as-nuvens,é
73921,metal-contra-as-nuvens,roubo
73922,metal-contra-as-nuvens,Mas
73923,metal-contra-as-nuvens,vou
73924,metal-contra-as-nuvens,guardar
73925,metal-contra-as-nuvens,o
73926,metal-contra-as-nuvens,meu
73927,metal-contra-as-nuvens,tesouro
73928,metal-contra-as-nuvens,Caso
73929,metal-contra-as-nuvens,você
73930,metal-contra-as-nuvens,esteja
73931,metal-contra-as-nuvens,mentindo
73932,metal-contra-as-nuvens,É
73933,metal-contra-as-nuvens,a
73934,metal-contra-as-nuvens,verdade
73935,metal-contra-as-nuvens,o
73936,metal-contra-as-nuvens,que
73937,metal-contra-as-nuvens,assombra
73938,metal-contra-as-nuvens,O
73939,metal-contra-as-nuvens,descaso
73940,metal-contra-as-nuvens,que
73941,metal-contra-as-nuvens,condena
73942,metal-contra-as-nuvens,A
73943,metal-contra-as-nuvens,"estupidez,"
73944,metal-contra-as-nuvens,o
73945,metal-contra-as-nuvens,que
73946,metal-contra-as-nuvens,destrói
73947,metal-contra-as-nuvens,Eu
73948,metal-contra-as-nuvens,vejo
73949,metal-contra-as-nuvens,tudo
73950,metal-contra-as-nuvens,que
73951,metal-contra-as-nuvens,se
73952,metal-contra-as-nuvens,foi
73953,metal-contra-as-nuvens,E
73954,metal-contra-as-nuvens,o
73955,metal-contra-as-nuvens,que
73956,metal-contra-as-nuvens,não
73957,metal-contra-as-nuvens,existe
73958,metal-contra-as-nuvens,mais
73959,metal-contra-as-nuvens,O
73960,metal-contra-as-nuvens,corpo
73961,metal-contra-as-nuvens,"quer,"
73962,metal-contra-as-nuvens,a
73963,metal-contra-as-nuvens,alma
73964,metal-contra-as-nuvens,entende
73965,metal-contra-as-nuvens,Esta
73966,metal-contra-as-nuvens,é
73967,metal-contra-as-nuvens,a
73968,metal-contra-as-nuvens,terra
73969,metal-contra-as-nuvens,de
73970,metal-contra-as-nuvens,ninguém
73971,metal-contra-as-nuvens,Sei
73972,metal-contra-as-nuvens,que
73973,metal-contra-as-nuvens,devo
73974,metal-contra-as-nuvens,resistir
73975,metal-contra-as-nuvens,Eu
73976,metal-contra-as-nuvens,quero
73977,metal-contra-as-nuvens,a
73978,metal-contra-as-nuvens,espada
73979,metal-contra-as-nuvens,em
73980,metal-contra-as-nuvens,minhas
73981,metal-contra-as-nuvens,mãos
73982,metal-contra-as-nuvens,Eu
73983,metal-contra-as-nuvens,sou
73984,metal-contra-as-nuvens,"metal,"
73985,metal-contra-as-nuvens,eu
73986,metal-contra-as-nuvens,sou
73987,metal-contra-as-nuvens,o
73988,metal-contra-as-nuvens,ouro
73989,metal-contra-as-nuvens,em
73990,metal-contra-as-nuvens,seu
73991,metal-contra-as-nuvens,brasão
73992,metal-contra-as-nuvens,Eu
73993,metal-contra-as-nuvens,sou
73994,metal-contra-as-nuvens,"metal,"
73995,metal-contra-as-nuvens,me
73996,metal-contra-as-nuvens,sabe
73997,metal-contra-as-nuvens,o
73998,metal-contra-as-nuvens,sopro
73999,metal-contra-as-nuvens,do
74000,metal-contra-as-nuvens,dragão
74001,metal-contra-as-nuvens,"Tenho,"
74002,metal-contra-as-nuvens,"ainda,"
74003,metal-contra-as-nuvens,coração
74004,metal-contra-as-nuvens,Não
74005,metal-contra-as-nuvens,aprendi
74006,metal-contra-as-nuvens,a
74007,metal-contra-as-nuvens,me
74008,metal-contra-as-nuvens,render
74009,metal-contra-as-nuvens,Que
74010,metal-contra-as-nuvens,caia
74011,metal-contra-as-nuvens,o
74012,metal-contra-as-nuvens,inimigo
74013,metal-contra-as-nuvens,então
74014,metal-contra-as-nuvens,Tudo
74015,metal-contra-as-nuvens,"passa,"
74016,metal-contra-as-nuvens,tudo
74017,metal-contra-as-nuvens,passará
74018,metal-contra-as-nuvens,"Assim,"
74019,metal-contra-as-nuvens,sem
74020,metal-contra-as-nuvens,final
74021,metal-contra-as-nuvens,feliz
74022,metal-contra-as-nuvens,Teremos
74023,metal-contra-as-nuvens,coisas
74024,metal-contra-as-nuvens,bonitas
74025,metal-contra-as-nuvens,pra
74026,metal-contra-as-nuvens,contar
74027,metal-contra-as-nuvens,Temos
74028,metal-contra-as-nuvens,muito
74029,metal-contra-as-nuvens,ainda
74030,metal-contra-as-nuvens,por
74031,metal-contra-as-nuvens,fazer
74032,metal-contra-as-nuvens,Não
74033,metal-contra-as-nuvens,olhe
74034,metal-contra-as-nuvens,pra
74035,metal-contra-as-nuvens,trás
74036,metal-contra-as-nuvens,Apenas
74037,metal-contra-as-nuvens,começamos
74038,metal-contra-as-nuvens,O
74039,metal-contra-as-nuvens,mundo
74040,metal-contra-as-nuvens,começa
74041,metal-contra-as-nuvens,agora
74042,metal-contra-as-nuvens,Apenas
74043,metal-contra-as-nuvens,começamos
74044,metal-contra-as-nuvens,None
74720,metropole,E
74721,metropole,todos
74722,metropole,querem
74723,metropole,ver
74724,metropole,e
74725,metropole,comentar
74726,metropole,a
74727,metropole,novidade
74728,metropole,É
74729,metropole,tão
74730,metropole,emocionante
74731,metropole,um
74732,metropole,acidente
74733,metropole,de
74734,metropole,verdade
74735,metropole,Estão
74736,metropole,todos
74737,metropole,satisfeitos
74738,metropole,com
74739,metropole,o
74740,metropole,sucesso
74741,metropole,do
74742,metropole,desastre
74743,metropole,Vai
74744,metropole,passar
74745,metropole,na
74746,metropole,televisão
74747,metropole,Sem
74748,metropole,carteirinha
74749,metropole,não
74750,metropole,tem
74751,metropole,atendimento
74752,metropole,Carteira
74753,metropole,de
74754,metropole,trabalho
74755,metropole,"assinada,"
74756,metropole,sim
74757,metropole,senhor
74758,metropole,Olha
74759,metropole,o
74760,metropole,tumulto:
74761,metropole,façam
74762,metropole,fila
74763,metropole,por
74764,metropole,favor
74765,metropole,Todos
74766,metropole,com
74767,metropole,a
74768,metropole,documentação
74769,metropole,Eu
74770,metropole,sinto
74771,metropole,muito
74772,metropole,mas
74773,metropole,já
74774,metropole,passa
74775,metropole,do
74776,metropole,horário
74777,metropole,Entendo
74778,metropole,seu
74779,metropole,problema
74780,metropole,mas
74781,metropole,não
74782,metropole,posso
74783,metropole,resolver
74784,metropole,É
74785,metropole,contra
74786,metropole,o
74787,metropole,"regulamento,"
74788,metropole,está
74789,metropole,bem
74790,metropole,"aqui,"
74791,metropole,pode
74792,metropole,ver
74793,metropole,Ordens
74794,metropole,são
74795,metropole,ordens
74796,metropole,Ordens
74797,metropole,são
74798,metropole,ordens
74799,metropole,Ordens
74800,metropole,são
74801,metropole,ordens
74802,metropole,Ordens
74803,metropole,são
74804,metropole,ordens
74805,metropole,Ordens
74806,metropole,são
74807,metropole,ordens
74808,metropole,Só
74809,metropole,falta
74810,metropole,o
74811,metropole,recibo
74812,metropole,comprovando
74813,metropole,residência
74814,metropole,Pra
74815,metropole,limpar
74816,metropole,todo
74817,metropole,esse
74818,metropole,"sangue,"
74819,metropole,chamei
74820,metropole,a
74821,metropole,faxineira
74822,metropole,E
74823,metropole,agora
74824,metropole,eu
74825,metropole,já
74826,metropole,vou
74827,metropole,indo
74828,metropole,senão
74829,metropole,perco
74830,metropole,a
74831,metropole,novela
74832,metropole,E
74833,metropole,eu
74834,metropole,não
74835,metropole,quero
74836,metropole,ficar
74837,metropole,na
74838,metropole,mão
74839,metropole,E
74840,metropole,eu
74841,metropole,não
74842,metropole,quero
74843,metropole,ficar
74844,metropole,na
74845,metropole,mão
74846,metropole,E
74847,metropole,eu
74848,metropole,não
74849,metropole,quero
74850,metropole,ficar
74851,metropole,na
74852,metropole,mão
74853,metropole,None
75654,mil-pedacos,E
75655,mil-pedacos,mesmo
75656,mil-pedacos,assim
75657,mil-pedacos,você
75658,mil-pedacos,me
75659,mil-pedacos,abandonou
75660,mil-pedacos,Você
75661,mil-pedacos,quis
75662,mil-pedacos,"partir,"
75663,mil-pedacos,e
75664,mil-pedacos,agora
75665,mil-pedacos,estou
75666,mil-pedacos,sozinho
75667,mil-pedacos,Mas
75668,mil-pedacos,vou
75669,mil-pedacos,me
75670,mil-pedacos,acostumar
75671,mil-pedacos,com
75672,mil-pedacos,o
75673,mil-pedacos,silêncio
75674,mil-pedacos,em
75675,mil-pedacos,"casa,"
75676,mil-pedacos,com
75677,mil-pedacos,um
75678,mil-pedacos,prato
75679,mil-pedacos,só
75680,mil-pedacos,na
75681,mil-pedacos,mesa
75682,mil-pedacos,O
75683,mil-pedacos,sândalo
75684,mil-pedacos,perfuma
75685,mil-pedacos,o
75686,mil-pedacos,machado
75687,mil-pedacos,que
75688,mil-pedacos,o
75689,mil-pedacos,feriu
75690,mil-pedacos,"Adeus,"
75691,mil-pedacos,"adeus,"
75692,mil-pedacos,adeus
75693,mil-pedacos,meu
75694,mil-pedacos,grande
75695,mil-pedacos,amor
75696,mil-pedacos,E
75697,mil-pedacos,tanto
75698,mil-pedacos,faz
75699,mil-pedacos,de
75700,mil-pedacos,tudo
75701,mil-pedacos,o
75702,mil-pedacos,que
75703,mil-pedacos,ficou
75704,mil-pedacos,Guardo
75705,mil-pedacos,um
75706,mil-pedacos,retrato
75707,mil-pedacos,teu
75708,mil-pedacos,E
75709,mil-pedacos,a
75710,mil-pedacos,saudade
75711,mil-pedacos,mais
75712,mil-pedacos,bonita
75713,mil-pedacos,E
75714,mil-pedacos,mesmo
75715,mil-pedacos,assim
75716,mil-pedacos,ninguém
75717,mil-pedacos,me
75718,mil-pedacos,perdoou
75719,mil-pedacos,Pobre
75720,mil-pedacos,"coração,"
75721,mil-pedacos,quando
75722,mil-pedacos,o
75723,mil-pedacos,teu
75724,mil-pedacos,estava
75725,mil-pedacos,comigo
75726,mil-pedacos,era
75727,mil-pedacos,tão
75728,mil-pedacos,bom
75729,mil-pedacos,Não
75730,mil-pedacos,sei
75731,mil-pedacos,porquê
75732,mil-pedacos,acontece
75733,mil-pedacos,assim
75734,mil-pedacos,e
75735,mil-pedacos,é
75736,mil-pedacos,sem
75737,mil-pedacos,querer
75738,mil-pedacos,O
75739,mil-pedacos,que
75740,mil-pedacos,não
75741,mil-pedacos,era
75742,mil-pedacos,pra
75743,mil-pedacos,ser
75744,mil-pedacos,Vou
75745,mil-pedacos,fugir
75746,mil-pedacos,dessa
75747,mil-pedacos,dor
75748,mil-pedacos,Meu
75749,mil-pedacos,"amor,"
75750,mil-pedacos,se
75751,mil-pedacos,quiseres
75752,mil-pedacos,voltar
75753,mil-pedacos,Volta
75754,mil-pedacos,"não,"
75755,mil-pedacos,porque
75756,mil-pedacos,me
75757,mil-pedacos,quebraste
75758,mil-pedacos,em
75759,mil-pedacos,mil
75760,mil-pedacos,pedaços
75761,mil-pedacos,None
77522,monte-castelo,A
77523,monte-castelo,língua
77524,monte-castelo,dos
77525,monte-castelo,homens
77526,monte-castelo,E
77527,monte-castelo,falasse
77528,monte-castelo,a
77529,monte-castelo,língua
77530,monte-castelo,dos
77531,monte-castelo,anjos
77532,monte-castelo,Sem
77533,monte-castelo,amor
77534,monte-castelo,eu
77535,monte-castelo,nada
77536,monte-castelo,seria
77537,monte-castelo,Que
77538,monte-castelo,conhece
77539,monte-castelo,o
77540,monte-castelo,que
77541,monte-castelo,é
77542,monte-castelo,verdade
77543,monte-castelo,O
77544,monte-castelo,amor
77545,monte-castelo,é
77546,monte-castelo,"bom,"
77547,monte-castelo,não
77548,monte-castelo,quer
77549,monte-castelo,o
77550,monte-castelo,mal
77551,monte-castelo,Não
77552,monte-castelo,sente
77553,monte-castelo,inveja
77554,monte-castelo,ou
77555,monte-castelo,se
77556,monte-castelo,envaidece
77557,monte-castelo,É
77558,monte-castelo,ferida
77559,monte-castelo,que
77560,monte-castelo,dói
77561,monte-castelo,e
77562,monte-castelo,não
77563,monte-castelo,se
77564,monte-castelo,sente
77565,monte-castelo,É
77566,monte-castelo,um
77567,monte-castelo,contentamento
77568,monte-castelo,descontente
77569,monte-castelo,É
77570,monte-castelo,dor
77571,monte-castelo,que
77572,monte-castelo,desatina
77573,monte-castelo,sem
77574,monte-castelo,doer
77575,monte-castelo,A
77576,monte-castelo,língua
77577,monte-castelo,dos
77578,monte-castelo,homens
77579,monte-castelo,E
77580,monte-castelo,falasse
77581,monte-castelo,a
77582,monte-castelo,língua
77583,monte-castelo,dos
77584,monte-castelo,anjos
77585,monte-castelo,Sem
77586,monte-castelo,amor
77587,monte-castelo,eu
77588,monte-castelo,nada
77589,monte-castelo,seria
77590,monte-castelo,É
77591,monte-castelo,solitário
77592,monte-castelo,andar
77593,monte-castelo,por
77594,monte-castelo,entre
77595,monte-castelo,a
77596,monte-castelo,gente
77597,monte-castelo,É
77598,monte-castelo,um
77599,monte-castelo,não
77600,monte-castelo,contentar-se
77601,monte-castelo,de
77602,monte-castelo,contente
77603,monte-castelo,É
77604,monte-castelo,cuidar
77605,monte-castelo,que
77606,monte-castelo,se
77607,monte-castelo,ganha
77608,monte-castelo,em
77609,monte-castelo,se
77610,monte-castelo,perder
77611,monte-castelo,É
77612,monte-castelo,servir
77613,monte-castelo,a
77614,monte-castelo,quem
77615,monte-castelo,"vence,"
77616,monte-castelo,o
77617,monte-castelo,vencedor
77618,monte-castelo,É
77619,monte-castelo,um
77620,monte-castelo,ter
77621,monte-castelo,com
77622,monte-castelo,quem
77623,monte-castelo,nos
77624,monte-castelo,mata
77625,monte-castelo,a
77626,monte-castelo,lealdade
77627,monte-castelo,Tão
77628,monte-castelo,contrário
77629,monte-castelo,a
77630,monte-castelo,si
77631,monte-castelo,é
77632,monte-castelo,o
77633,monte-castelo,mesmo
77634,monte-castelo,amor
77635,monte-castelo,Todos
77636,monte-castelo,"dormem,"
77637,monte-castelo,todos
77638,monte-castelo,dormem
77639,monte-castelo,Agora
77640,monte-castelo,vejo
77641,monte-castelo,em
77642,monte-castelo,parte
77643,monte-castelo,Mas
77644,monte-castelo,então
77645,monte-castelo,veremos
77646,monte-castelo,face
77647,monte-castelo,a
77648,monte-castelo,face
77649,monte-castelo,Que
77650,monte-castelo,conhece
77651,monte-castelo,o
77652,monte-castelo,que
77653,monte-castelo,é
77654,monte-castelo,verdade
77655,monte-castelo,A
77656,monte-castelo,língua
77657,monte-castelo,dos
77658,monte-castelo,homens
77659,monte-castelo,E
77660,monte-castelo,falasse
77661,monte-castelo,a
77662,monte-castelo,língua
77663,monte-castelo,dos
77664,monte-castelo,anjos
77665,monte-castelo,Sem
77666,monte-castelo,amor
77667,monte-castelo,eu
77668,monte-castelo,nada
77669,monte-castelo,seria
77670,monte-castelo,None
78456,musica-ambiente,Te
78457,musica-ambiente,amarei
78458,musica-ambiente,bem
78459,musica-ambiente,mais
78460,musica-ambiente,do
78461,musica-ambiente,que
78462,musica-ambiente,esta
78463,musica-ambiente,hora
78464,musica-ambiente,Me
78465,musica-ambiente,lembrarei
78466,musica-ambiente,de
78467,musica-ambiente,tudo
78468,musica-ambiente,que
78469,musica-ambiente,eu
78470,musica-ambiente,não
78471,musica-ambiente,disse
78472,musica-ambiente,E
78473,musica-ambiente,de
78474,musica-ambiente,quando
78475,musica-ambiente,havia
78476,musica-ambiente,tudo
78477,musica-ambiente,que
78478,musica-ambiente,existe
78479,musica-ambiente,Quando
78480,musica-ambiente,choramos
78481,musica-ambiente,abraçados
78482,musica-ambiente,E
78483,musica-ambiente,caminhamos
78484,musica-ambiente,lado
78485,musica-ambiente,a
78486,musica-ambiente,lado
78487,musica-ambiente,Por
78488,musica-ambiente,favor
78489,musica-ambiente,amor
78490,musica-ambiente,me
78491,musica-ambiente,acredite
78492,musica-ambiente,Não
78493,musica-ambiente,há
78494,musica-ambiente,palavras
78495,musica-ambiente,para
78496,musica-ambiente,explicar
78497,musica-ambiente,o
78498,musica-ambiente,que
78499,musica-ambiente,eu
78500,musica-ambiente,sinto
78501,musica-ambiente,Mesmo
78502,musica-ambiente,que
78503,musica-ambiente,tenhamos
78504,musica-ambiente,planejado
78505,musica-ambiente,Um
78506,musica-ambiente,caminho
78507,musica-ambiente,diferente
78508,musica-ambiente,Tenho
78509,musica-ambiente,mais
78510,musica-ambiente,do
78511,musica-ambiente,que
78512,musica-ambiente,eu
78513,musica-ambiente,preciso
78514,musica-ambiente,Estar
78515,musica-ambiente,contigo
78516,musica-ambiente,é
78517,musica-ambiente,o
78518,musica-ambiente,bastante
78519,musica-ambiente,Certas
78520,musica-ambiente,coisas
78521,musica-ambiente,de
78522,musica-ambiente,todo
78523,musica-ambiente,dia
78524,musica-ambiente,Nos
78525,musica-ambiente,trazem
78526,musica-ambiente,a
78527,musica-ambiente,alegria
78528,musica-ambiente,De
78529,musica-ambiente,caminharmos
78530,musica-ambiente,juntos
78531,musica-ambiente,lado
78532,musica-ambiente,a
78533,musica-ambiente,lado
78534,musica-ambiente,por
78535,musica-ambiente,amor
78536,musica-ambiente,E
78537,musica-ambiente,quando
78538,musica-ambiente,eu
78539,musica-ambiente,for
78540,musica-ambiente,embora
78541,musica-ambiente,"Não,"
78542,musica-ambiente,não
78543,musica-ambiente,chore
78544,musica-ambiente,por
78545,musica-ambiente,mim.
78546,musica-ambiente,None
79390,musica-urbana-2,Nas
79391,musica-urbana-2,ruas
79392,musica-urbana-2,os
79393,musica-urbana-2,mendigos
79394,musica-urbana-2,com
79395,musica-urbana-2,esparadrapos
79396,musica-urbana-2,podres
79397,musica-urbana-2,cantam
79398,musica-urbana-2,música
79399,musica-urbana-2,"urbana,"
79400,musica-urbana-2,Motocicletas
79401,musica-urbana-2,querendo
79402,musica-urbana-2,atenção
79403,musica-urbana-2,às
79404,musica-urbana-2,três
79405,musica-urbana-2,da
79406,musica-urbana-2,manhã
79407,musica-urbana-2,-
79408,musica-urbana-2,É
79409,musica-urbana-2,só
79410,musica-urbana-2,música
79411,musica-urbana-2,urbana.
79412,musica-urbana-2,E
79413,musica-urbana-2,nas
79414,musica-urbana-2,escolas
79415,musica-urbana-2,as
79416,musica-urbana-2,crianças
79417,musica-urbana-2,aprendem
79418,musica-urbana-2,a
79419,musica-urbana-2,repertir
79420,musica-urbana-2,a
79421,musica-urbana-2,música
79422,musica-urbana-2,urbana.
79423,musica-urbana-2,Nos
79424,musica-urbana-2,bares
79425,musica-urbana-2,os
79426,musica-urbana-2,viciados
79427,musica-urbana-2,sempre
79428,musica-urbana-2,tentam
79429,musica-urbana-2,conseguir
79430,musica-urbana-2,a
79431,musica-urbana-2,música
79432,musica-urbana-2,urbana.
79433,musica-urbana-2,Parece
79434,musica-urbana-2,música
79435,musica-urbana-2,urbana.
79436,musica-urbana-2,E
79437,musica-urbana-2,a
79438,musica-urbana-2,matilha
79439,musica-urbana-2,de
79440,musica-urbana-2,crianças
79441,musica-urbana-2,sujas
79442,musica-urbana-2,no
79443,musica-urbana-2,meio
79444,musica-urbana-2,da
79445,musica-urbana-2,rua
79446,musica-urbana-2,-
79447,musica-urbana-2,Música
79448,musica-urbana-2,urbana.
79449,musica-urbana-2,E
79450,musica-urbana-2,nos
79451,musica-urbana-2,pontos
79452,musica-urbana-2,de
79453,musica-urbana-2,ônibus
79454,musica-urbana-2,estão
79455,musica-urbana-2,todos
79456,musica-urbana-2,ali:
79457,musica-urbana-2,música
79458,musica-urbana-2,urbana.
79459,musica-urbana-2,Os
79460,musica-urbana-2,cartazes
79461,musica-urbana-2,Os
79462,musica-urbana-2,cinemas
79463,musica-urbana-2,E
79464,musica-urbana-2,os
79465,musica-urbana-2,lares
79466,musica-urbana-2,Nas
79467,musica-urbana-2,favelas
79468,musica-urbana-2,Coberturas
79469,musica-urbana-2,Quase
79470,musica-urbana-2,todos
79471,musica-urbana-2,os
79472,musica-urbana-2,lugares.
79473,musica-urbana-2,Não
79474,musica-urbana-2,há
79475,musica-urbana-2,mais
79476,musica-urbana-2,mentiras
79477,musica-urbana-2,nem
79478,musica-urbana-2,verdades
79479,musica-urbana-2,aqui
79480,musica-urbana-2,Só
79481,musica-urbana-2,há
79482,musica-urbana-2,música
79483,musica-urbana-2,urbana.
79484,musica-urbana-2,"Yeah,"
79485,musica-urbana-2,Música
79486,musica-urbana-2,urbana.
79487,musica-urbana-2,Oh
79488,musica-urbana-2,"Ohoo,"
79489,musica-urbana-2,Música
79490,musica-urbana-2,urbana.
79491,musica-urbana-2,None
80324,musica-de-trabalho,Não
80325,musica-de-trabalho,tenho
80326,musica-de-trabalho,dignidade
80327,musica-de-trabalho,Não
80328,musica-de-trabalho,sinto
80329,musica-de-trabalho,o
80330,musica-de-trabalho,meu
80331,musica-de-trabalho,valor
80332,musica-de-trabalho,Não
80333,musica-de-trabalho,tenho
80334,musica-de-trabalho,identidade
80335,musica-de-trabalho,Mas
80336,musica-de-trabalho,o
80337,musica-de-trabalho,que
80338,musica-de-trabalho,eu
80339,musica-de-trabalho,tenho
80340,musica-de-trabalho,É
80341,musica-de-trabalho,só
80342,musica-de-trabalho,um
80343,musica-de-trabalho,emprego
80344,musica-de-trabalho,E
80345,musica-de-trabalho,um
80346,musica-de-trabalho,salário
80347,musica-de-trabalho,miserável
80348,musica-de-trabalho,Eu
80349,musica-de-trabalho,tenho
80350,musica-de-trabalho,o
80351,musica-de-trabalho,meu
80352,musica-de-trabalho,ofício
80353,musica-de-trabalho,Que
80354,musica-de-trabalho,me
80355,musica-de-trabalho,cansa
80356,musica-de-trabalho,de
80357,musica-de-trabalho,verdade
80358,musica-de-trabalho,Tem
80359,musica-de-trabalho,gente
80360,musica-de-trabalho,que
80361,musica-de-trabalho,não
80362,musica-de-trabalho,tem
80363,musica-de-trabalho,nada
80364,musica-de-trabalho,E
80365,musica-de-trabalho,outros
80366,musica-de-trabalho,que
80367,musica-de-trabalho,tem
80368,musica-de-trabalho,mais
80369,musica-de-trabalho,do
80370,musica-de-trabalho,que
80371,musica-de-trabalho,precisam
80372,musica-de-trabalho,Tem
80373,musica-de-trabalho,gente
80374,musica-de-trabalho,que
80375,musica-de-trabalho,não
80376,musica-de-trabalho,quer
80377,musica-de-trabalho,saber
80378,musica-de-trabalho,de
80379,musica-de-trabalho,trabalhar
80380,musica-de-trabalho,Eu
80381,musica-de-trabalho,só
80382,musica-de-trabalho,penso
80383,musica-de-trabalho,em
80384,musica-de-trabalho,descansar
80385,musica-de-trabalho,E
80386,musica-de-trabalho,voltar
80387,musica-de-trabalho,p'ra
80388,musica-de-trabalho,casa
80389,musica-de-trabalho,pros
80390,musica-de-trabalho,teus
80391,musica-de-trabalho,braços
80392,musica-de-trabalho,Quem
80393,musica-de-trabalho,sabe
80394,musica-de-trabalho,esquecer
80395,musica-de-trabalho,um
80396,musica-de-trabalho,pouco
80397,musica-de-trabalho,De
80398,musica-de-trabalho,todo
80399,musica-de-trabalho,o
80400,musica-de-trabalho,meu
80401,musica-de-trabalho,cansaço
80402,musica-de-trabalho,Nossa
80403,musica-de-trabalho,vida
80404,musica-de-trabalho,não
80405,musica-de-trabalho,é
80406,musica-de-trabalho,boa
80407,musica-de-trabalho,E
80408,musica-de-trabalho,nem
80409,musica-de-trabalho,podemos
80410,musica-de-trabalho,reclamar
80411,musica-de-trabalho,Eu
80412,musica-de-trabalho,sei
80413,musica-de-trabalho,o
80414,musica-de-trabalho,que
80415,musica-de-trabalho,acontece
80416,musica-de-trabalho,Tenho
80417,musica-de-trabalho,medo
80418,musica-de-trabalho,da
80419,musica-de-trabalho,polícia
80420,musica-de-trabalho,Eu
80421,musica-de-trabalho,sei
80422,musica-de-trabalho,o
80423,musica-de-trabalho,que
80424,musica-de-trabalho,acontece
80425,musica-de-trabalho,Se
80426,musica-de-trabalho,você
80427,musica-de-trabalho,não
80428,musica-de-trabalho,segue
80429,musica-de-trabalho,as
80430,musica-de-trabalho,ordens
80431,musica-de-trabalho,Se
80432,musica-de-trabalho,você
80433,musica-de-trabalho,não
80434,musica-de-trabalho,obedece
80435,musica-de-trabalho,E
80436,musica-de-trabalho,não
80437,musica-de-trabalho,suporta
80438,musica-de-trabalho,o
80439,musica-de-trabalho,sofrimento
80440,musica-de-trabalho,Está
80441,musica-de-trabalho,destinado
80442,musica-de-trabalho,a
80443,musica-de-trabalho,miséria
80444,musica-de-trabalho,Mas
80445,musica-de-trabalho,isso
80446,musica-de-trabalho,eu
80447,musica-de-trabalho,não
80448,musica-de-trabalho,aceito
80449,musica-de-trabalho,Eu
80450,musica-de-trabalho,sei
80451,musica-de-trabalho,o
80452,musica-de-trabalho,que
80453,musica-de-trabalho,acontece
80454,musica-de-trabalho,Mas
80455,musica-de-trabalho,isso
80456,musica-de-trabalho,eu
80457,musica-de-trabalho,não
80458,musica-de-trabalho,aceito
80459,musica-de-trabalho,Eu
80460,musica-de-trabalho,sei
80461,musica-de-trabalho,o
80462,musica-de-trabalho,que
80463,musica-de-trabalho,acontece
80464,musica-de-trabalho,Eu
80465,musica-de-trabalho,só
80466,musica-de-trabalho,penso
80467,musica-de-trabalho,em
80468,musica-de-trabalho,descansar
80469,musica-de-trabalho,E
80470,musica-de-trabalho,voltar
80471,musica-de-trabalho,p'ra
80472,musica-de-trabalho,casa
80473,musica-de-trabalho,pros
80474,musica-de-trabalho,teus
80475,musica-de-trabalho,braços
80476,musica-de-trabalho,Quem
80477,musica-de-trabalho,sabe
80478,musica-de-trabalho,esquecer
80479,musica-de-trabalho,um
80480,musica-de-trabalho,pouco
80481,musica-de-trabalho,Do
80482,musica-de-trabalho,pouco
80483,musica-de-trabalho,que
80484,musica-de-trabalho,não
80485,musica-de-trabalho,temos
80486,musica-de-trabalho,Quem
80487,musica-de-trabalho,sabe
80488,musica-de-trabalho,esquecer
80489,musica-de-trabalho,um
80490,musica-de-trabalho,pouco
80491,musica-de-trabalho,De
80492,musica-de-trabalho,tudo
80493,musica-de-trabalho,que
80494,musica-de-trabalho,não
80495,musica-de-trabalho,sabemos
80496,musica-de-trabalho,None
81258,nada-por-mim,Fácil
81259,nada-por-mim,demais
81260,nada-por-mim,Não
81261,nada-por-mim,parece
81262,nada-por-mim,capaz
81263,nada-por-mim,De
81264,nada-por-mim,cuidar
81265,nada-por-mim,do
81266,nada-por-mim,que
81267,nada-por-mim,possui
81268,nada-por-mim,Você
81269,nada-por-mim,sorriu
81270,nada-por-mim,e
81271,nada-por-mim,me
81272,nada-por-mim,propôs
81273,nada-por-mim,Que
81274,nada-por-mim,eu
81275,nada-por-mim,te
81276,nada-por-mim,deixasse
81277,nada-por-mim,em
81278,nada-por-mim,paz
81279,nada-por-mim,Me
81280,nada-por-mim,disse
81281,nada-por-mim,vá
81282,nada-por-mim,Eu
81283,nada-por-mim,não
81284,nada-por-mim,fui
81285,nada-por-mim,Não
81286,nada-por-mim,faça
81287,nada-por-mim,nada
81288,nada-por-mim,por
81289,nada-por-mim,mim
81290,nada-por-mim,Não
81291,nada-por-mim,vá
81292,nada-por-mim,pensando
81293,nada-por-mim,que
81294,nada-por-mim,sou
81295,nada-por-mim,seu
81296,nada-por-mim,E
81297,nada-por-mim,não
81298,nada-por-mim,procura
81299,nada-por-mim,entender
81300,nada-por-mim,Que
81301,nada-por-mim,eu
81302,nada-por-mim,faço
81303,nada-por-mim,só
81304,nada-por-mim,pra
81305,nada-por-mim,te
81306,nada-por-mim,agradar
81307,nada-por-mim,Me
81308,nada-por-mim,diz
81309,nada-por-mim,até
81310,nada-por-mim,o
81311,nada-por-mim,que
81312,nada-por-mim,vestir
81313,nada-por-mim,Com
81314,nada-por-mim,quem
81315,nada-por-mim,"andar,"
81316,nada-por-mim,pra
81317,nada-por-mim,onde
81318,nada-por-mim,ir
81319,nada-por-mim,E
81320,nada-por-mim,não
81321,nada-por-mim,me
81322,nada-por-mim,pede
81323,nada-por-mim,pra
81324,nada-por-mim,voltar
81325,nada-por-mim,Não
81326,nada-por-mim,faça
81327,nada-por-mim,nada
81328,nada-por-mim,por
81329,nada-por-mim,mim
81330,nada-por-mim,Não
81331,nada-por-mim,vai
81332,nada-por-mim,pensando
81333,nada-por-mim,que
81334,nada-por-mim,sou
81335,nada-por-mim,seu
81336,nada-por-mim,None
82192,natalia,E
82193,natalia,de
82194,natalia,tragédias
82195,natalia,radioativas
82196,natalia,De
82197,natalia,doenças
82198,natalia,incuráveis
82199,natalia,Vamos
82200,natalia,falar
82201,natalia,de
82202,natalia,sua
82203,natalia,vida
82204,natalia,Preste
82205,natalia,atenção
82206,natalia,ao
82207,natalia,que
82208,natalia,eles
82209,natalia,dizem
82210,natalia,Ter
82211,natalia,esperança
82212,natalia,é
82213,natalia,hipocrisia
82214,natalia,A
82215,natalia,felicidade
82216,natalia,é
82217,natalia,uma
82218,natalia,mentira
82219,natalia,E
82220,natalia,a
82221,natalia,mentira
82222,natalia,é
82223,natalia,salvação
82224,natalia,Beba
82225,natalia,desse
82226,natalia,sangue
82227,natalia,imundo
82228,natalia,E
82229,natalia,você
82230,natalia,conseguirá
82231,natalia,dinheiro
82232,natalia,E
82233,natalia,quando
82234,natalia,o
82235,natalia,circo
82236,natalia,pega
82237,natalia,fogo
82238,natalia,Somos
82239,natalia,os
82240,natalia,animais
82241,natalia,na
82242,natalia,jaula
82243,natalia,Mas
82244,natalia,você
82245,natalia,só
82246,natalia,quer
82247,natalia,algodão
82248,natalia,doce
82249,natalia,Não
82250,natalia,confunda
82251,natalia,ética
82252,natalia,com
82253,natalia,éter
82254,natalia,Quando
82255,natalia,penso
82256,natalia,em
82257,natalia,você
82258,natalia,eu
82259,natalia,tenho
82260,natalia,febre
82261,natalia,Uma
82262,natalia,canção
82263,natalia,pra
82264,natalia,você
82265,natalia,Quem
82266,natalia,sabe
82267,natalia,um
82268,natalia,dia
82269,natalia,eu
82270,natalia,escrevo
82271,natalia,Uma
82272,natalia,canção
82273,natalia,pra
82274,natalia,você
82275,natalia,Quem
82276,natalia,está
82277,natalia,sozinho
82278,natalia,que
82279,natalia,o
82280,natalia,diga
82281,natalia,Quando
82282,natalia,a
82283,natalia,tristeza
82284,natalia,é
82285,natalia,sempre
82286,natalia,o
82287,natalia,ponto
82288,natalia,de
82289,natalia,partida
82290,natalia,Quando
82291,natalia,tudo
82292,natalia,é
82293,natalia,solidão
82294,natalia,É
82295,natalia,preciso
82296,natalia,acreditar
82297,natalia,num
82298,natalia,novo
82299,natalia,dia
82300,natalia,Na
82301,natalia,nossa
82302,natalia,grande
82303,natalia,geração
82304,natalia,perdida
82305,natalia,Nos
82306,natalia,meninos
82307,natalia,e
82308,natalia,meninas
82309,natalia,Nos
82310,natalia,trevos
82311,natalia,de
82312,natalia,quatro
82313,natalia,folhas
82314,natalia,A
82315,natalia,escuridão
82316,natalia,ainda
82317,natalia,é
82318,natalia,pior
82319,natalia,que
82320,natalia,essa
82321,natalia,luz
82322,natalia,cinza
82323,natalia,Mas
82324,natalia,estamos
82325,natalia,vivos
82326,natalia,ainda
82327,natalia,Uma
82328,natalia,canção
82329,natalia,pra
82330,natalia,você
82331,natalia,Quem
82332,natalia,sabe
82333,natalia,um
82334,natalia,dia
82335,natalia,eu
82336,natalia,escrevo
82337,natalia,Uma
82338,natalia,canção
82339,natalia,pra
82340,natalia,você
82341,natalia,None
83126,o-descobrimento-do-brasil,E
83127,o-descobrimento-do-brasil,que
83128,o-descobrimento-do-brasil,namora
83129,o-descobrimento-do-brasil,um
83130,o-descobrimento-do-brasil,menino
83131,o-descobrimento-do-brasil,eletricista
83132,o-descobrimento-do-brasil,Estou
83133,o-descobrimento-do-brasil,pensando
83134,o-descobrimento-do-brasil,em
83135,o-descobrimento-do-brasil,casamento
83136,o-descobrimento-do-brasil,Mas
83137,o-descobrimento-do-brasil,não
83138,o-descobrimento-do-brasil,quero
83139,o-descobrimento-do-brasil,me
83140,o-descobrimento-do-brasil,casar
83141,o-descobrimento-do-brasil,Quem
83142,o-descobrimento-do-brasil,viu
83143,o-descobrimento-do-brasil,a
83144,o-descobrimento-do-brasil,tua
83145,o-descobrimento-do-brasil,alma
83146,o-descobrimento-do-brasil,entrando?
83147,o-descobrimento-do-brasil,Quem
83148,o-descobrimento-do-brasil,viu
83149,o-descobrimento-do-brasil,a
83150,o-descobrimento-do-brasil,tua
83151,o-descobrimento-do-brasil,alma
83152,o-descobrimento-do-brasil,entrar?
83153,o-descobrimento-do-brasil,Quem
83154,o-descobrimento-do-brasil,são
83155,o-descobrimento-do-brasil,teus
83156,o-descobrimento-do-brasil,inimigos?
83157,o-descobrimento-do-brasil,Quem
83158,o-descobrimento-do-brasil,é
83159,o-descobrimento-do-brasil,de
83160,o-descobrimento-do-brasil,tua
83161,o-descobrimento-do-brasil,cria?
83162,o-descobrimento-do-brasil,A
83163,o-descobrimento-do-brasil,professora
83164,o-descobrimento-do-brasil,"Adélia,"
83165,o-descobrimento-do-brasil,a
83166,o-descobrimento-do-brasil,tia
83167,o-descobrimento-do-brasil,Edilamar
83168,o-descobrimento-do-brasil,e
83169,o-descobrimento-do-brasil,a
83170,o-descobrimento-do-brasil,tia
83171,o-descobrimento-do-brasil,Esperança
83172,o-descobrimento-do-brasil,O
83173,o-descobrimento-do-brasil,quanto
83174,o-descobrimento-do-brasil,penso
83175,o-descobrimento-do-brasil,em
83176,o-descobrimento-do-brasil,você
83177,o-descobrimento-do-brasil,Com
83178,o-descobrimento-do-brasil,o
83179,o-descobrimento-do-brasil,meu
83180,o-descobrimento-do-brasil,coração?
83181,o-descobrimento-do-brasil,Será
83182,o-descobrimento-do-brasil,que
83183,o-descobrimento-do-brasil,você
83184,o-descobrimento-do-brasil,vai
83185,o-descobrimento-do-brasil,saber
83186,o-descobrimento-do-brasil,O
83187,o-descobrimento-do-brasil,quanto
83188,o-descobrimento-do-brasil,penso
83189,o-descobrimento-do-brasil,em
83190,o-descobrimento-do-brasil,você
83191,o-descobrimento-do-brasil,Com
83192,o-descobrimento-do-brasil,o
83193,o-descobrimento-do-brasil,meu
83194,o-descobrimento-do-brasil,coração?
83195,o-descobrimento-do-brasil,Quem
83196,o-descobrimento-do-brasil,para
83197,o-descobrimento-do-brasil,sempre
83198,o-descobrimento-do-brasil,está?
83199,o-descobrimento-do-brasil,Quem
83200,o-descobrimento-do-brasil,para
83201,o-descobrimento-do-brasil,sempre
83202,o-descobrimento-do-brasil,estará?
83203,o-descobrimento-do-brasil,E
83204,o-descobrimento-do-brasil,que
83205,o-descobrimento-do-brasil,namora
83206,o-descobrimento-do-brasil,um
83207,o-descobrimento-do-brasil,menino
83208,o-descobrimento-do-brasil,eletricista
83209,o-descobrimento-do-brasil,As
83210,o-descobrimento-do-brasil,famílias
83211,o-descobrimento-do-brasil,se
83212,o-descobrimento-do-brasil,conhecem
83213,o-descobrimento-do-brasil,bem
83214,o-descobrimento-do-brasil,E
83215,o-descobrimento-do-brasil,são
83216,o-descobrimento-do-brasil,amigas
83217,o-descobrimento-do-brasil,nesta
83218,o-descobrimento-do-brasil,vida
83219,o-descobrimento-do-brasil,O
83220,o-descobrimento-do-brasil,quanto
83221,o-descobrimento-do-brasil,penso
83222,o-descobrimento-do-brasil,em
83223,o-descobrimento-do-brasil,você
83224,o-descobrimento-do-brasil,Com
83225,o-descobrimento-do-brasil,o
83226,o-descobrimento-do-brasil,meu
83227,o-descobrimento-do-brasil,coração?
83228,o-descobrimento-do-brasil,Será
83229,o-descobrimento-do-brasil,que
83230,o-descobrimento-do-brasil,você
83231,o-descobrimento-do-brasil,vai
83232,o-descobrimento-do-brasil,saber
83233,o-descobrimento-do-brasil,O
83234,o-descobrimento-do-brasil,quanto
83235,o-descobrimento-do-brasil,penso
83236,o-descobrimento-do-brasil,em
83237,o-descobrimento-do-brasil,você
83238,o-descobrimento-do-brasil,Com
83239,o-descobrimento-do-brasil,o
83240,o-descobrimento-do-brasil,meu
83241,o-descobrimento-do-brasil,coração?
83242,o-descobrimento-do-brasil,A
83243,o-descobrimento-do-brasil,gente
83244,o-descobrimento-do-brasil,quer
83245,o-descobrimento-do-brasil,é
83246,o-descobrimento-do-brasil,de
83247,o-descobrimento-do-brasil,papel
83248,o-descobrimento-do-brasil,passado
83249,o-descobrimento-do-brasil,Com
83250,o-descobrimento-do-brasil,"festa,"
83251,o-descobrimento-do-brasil,bolo
83252,o-descobrimento-do-brasil,e
83253,o-descobrimento-do-brasil,brigadeiro
83254,o-descobrimento-do-brasil,A
83255,o-descobrimento-do-brasil,gente
83256,o-descobrimento-do-brasil,quer
83257,o-descobrimento-do-brasil,um
83258,o-descobrimento-do-brasil,canto
83259,o-descobrimento-do-brasil,sossegado
83260,o-descobrimento-do-brasil,A
83261,o-descobrimento-do-brasil,gente
83262,o-descobrimento-do-brasil,quer
83263,o-descobrimento-do-brasil,um
83264,o-descobrimento-do-brasil,canto
83265,o-descobrimento-do-brasil,de
83266,o-descobrimento-do-brasil,sossego
83267,o-descobrimento-do-brasil,Ainda
83268,o-descobrimento-do-brasil,não
83269,o-descobrimento-do-brasil,posso
83270,o-descobrimento-do-brasil,me
83271,o-descobrimento-do-brasil,casar
83272,o-descobrimento-do-brasil,Eu
83273,o-descobrimento-do-brasil,sou
83274,o-descobrimento-do-brasil,rapaz
83275,o-descobrimento-do-brasil,direito
83276,o-descobrimento-do-brasil,E
83277,o-descobrimento-do-brasil,fui
83278,o-descobrimento-do-brasil,escolhido
83279,o-descobrimento-do-brasil,pela
83280,o-descobrimento-do-brasil,menina
83281,o-descobrimento-do-brasil,mais
83282,o-descobrimento-do-brasil,bonita.
83283,o-descobrimento-do-brasil,None
84060,o-grande-inverno-da-russia,None
84994,o-livro-dos-dias,Percebo
84995,o-livro-dos-dias,o
84996,o-livro-dos-dias,mecanismo
84997,o-livro-dos-dias,indiferente
84998,o-livro-dos-dias,Que
84999,o-livro-dos-dias,teima
85000,o-livro-dos-dias,em
85001,o-livro-dos-dias,resgatar
85002,o-livro-dos-dias,sem
85003,o-livro-dos-dias,confiança
85004,o-livro-dos-dias,A
85005,o-livro-dos-dias,essência
85006,o-livro-dos-dias,do
85007,o-livro-dos-dias,delito
85008,o-livro-dos-dias,então
85009,o-livro-dos-dias,sagrado
85010,o-livro-dos-dias,Meu
85011,o-livro-dos-dias,corpo
85012,o-livro-dos-dias,descansar
85013,o-livro-dos-dias,E
85014,o-livro-dos-dias,teu
85015,o-livro-dos-dias,desejo
85016,o-livro-dos-dias,inverso
85017,o-livro-dos-dias,é
85018,o-livro-dos-dias,velho
85019,o-livro-dos-dias,amigo
85020,o-livro-dos-dias,Já
85021,o-livro-dos-dias,que
85022,o-livro-dos-dias,o
85023,o-livro-dos-dias,tenho
85024,o-livro-dos-dias,sempre
85025,o-livro-dos-dias,a
85026,o-livro-dos-dias,meu
85027,o-livro-dos-dias,lado
85028,o-livro-dos-dias,O
85029,o-livro-dos-dias,que
85030,o-livro-dos-dias,perfeito
85031,o-livro-dos-dias,entregas
85032,o-livro-dos-dias,mas
85033,o-livro-dos-dias,é
85034,o-livro-dos-dias,tarde
85035,o-livro-dos-dias,Só
85036,o-livro-dos-dias,daria
85037,o-livro-dos-dias,certo
85038,o-livro-dos-dias,aos
85039,o-livro-dos-dias,dois
85040,o-livro-dos-dias,que
85041,o-livro-dos-dias,tentam
85042,o-livro-dos-dias,Se
85043,o-livro-dos-dias,ainda
85044,o-livro-dos-dias,embriagado
85045,o-livro-dos-dias,pela
85046,o-livro-dos-dias,fome
85047,o-livro-dos-dias,O
85048,o-livro-dos-dias,indulto
85049,o-livro-dos-dias,a
85050,o-livro-dos-dias,ti
85051,o-livro-dos-dias,tomasse
85052,o-livro-dos-dias,como
85053,o-livro-dos-dias,bênção!
85054,o-livro-dos-dias,Todos
85055,o-livro-dos-dias,se
85056,o-livro-dos-dias,afastam
85057,o-livro-dos-dias,quando
85058,o-livro-dos-dias,o
85059,o-livro-dos-dias,mundo
85060,o-livro-dos-dias,está
85061,o-livro-dos-dias,errado
85062,o-livro-dos-dias,Quando
85063,o-livro-dos-dias,o
85064,o-livro-dos-dias,que
85065,o-livro-dos-dias,temos
85066,o-livro-dos-dias,é
85067,o-livro-dos-dias,um
85068,o-livro-dos-dias,catálogo
85069,o-livro-dos-dias,de
85070,o-livro-dos-dias,erros
85071,o-livro-dos-dias,Quando
85072,o-livro-dos-dias,precisamos
85073,o-livro-dos-dias,de
85074,o-livro-dos-dias,carinho
85075,o-livro-dos-dias,Força
85076,o-livro-dos-dias,e
85077,o-livro-dos-dias,cuidado
85078,o-livro-dos-dias,Este
85079,o-livro-dos-dias,é
85080,o-livro-dos-dias,o
85081,o-livro-dos-dias,livro
85082,o-livro-dos-dias,do
85083,o-livro-dos-dias,destino
85084,o-livro-dos-dias,Este
85085,o-livro-dos-dias,é
85086,o-livro-dos-dias,o
85087,o-livro-dos-dias,livro
85088,o-livro-dos-dias,de
85089,o-livro-dos-dias,nossos
85090,o-livro-dos-dias,dias
85091,o-livro-dos-dias,Este
85092,o-livro-dos-dias,é
85093,o-livro-dos-dias,o
85094,o-livro-dos-dias,dia
85095,o-livro-dos-dias,de
85096,o-livro-dos-dias,nossos
85097,o-livro-dos-dias,amores
85098,o-livro-dos-dias,None
85928,o-mundo-anda-tao-complicado,Que
85929,o-mundo-anda-tao-complicado,nem
85930,o-mundo-anda-tao-complicado,criança
85931,o-mundo-anda-tao-complicado,com
85932,o-mundo-anda-tao-complicado,a
85933,o-mundo-anda-tao-complicado,boca
85934,o-mundo-anda-tao-complicado,aberta
85935,o-mundo-anda-tao-complicado,O
85936,o-mundo-anda-tao-complicado,telefone
85937,o-mundo-anda-tao-complicado,chega
85938,o-mundo-anda-tao-complicado,sexta-feira
85939,o-mundo-anda-tao-complicado,Aperto
85940,o-mundo-anda-tao-complicado,o
85941,o-mundo-anda-tao-complicado,passo
85942,o-mundo-anda-tao-complicado,por
85943,o-mundo-anda-tao-complicado,causa
85944,o-mundo-anda-tao-complicado,da
85945,o-mundo-anda-tao-complicado,garoa
85946,o-mundo-anda-tao-complicado,Me
85947,o-mundo-anda-tao-complicado,empresta
85948,o-mundo-anda-tao-complicado,um
85949,o-mundo-anda-tao-complicado,par
85950,o-mundo-anda-tao-complicado,de
85951,o-mundo-anda-tao-complicado,meias
85952,o-mundo-anda-tao-complicado,A
85953,o-mundo-anda-tao-complicado,gente
85954,o-mundo-anda-tao-complicado,chega
85955,o-mundo-anda-tao-complicado,na
85956,o-mundo-anda-tao-complicado,sessão
85957,o-mundo-anda-tao-complicado,das
85958,o-mundo-anda-tao-complicado,dez
85959,o-mundo-anda-tao-complicado,Hoje
85960,o-mundo-anda-tao-complicado,eu
85961,o-mundo-anda-tao-complicado,acordo
85962,o-mundo-anda-tao-complicado,ao
85963,o-mundo-anda-tao-complicado,meio-dia
85964,o-mundo-anda-tao-complicado,Amanhã
85965,o-mundo-anda-tao-complicado,é
85966,o-mundo-anda-tao-complicado,a
85967,o-mundo-anda-tao-complicado,sua
85968,o-mundo-anda-tao-complicado,vez
85969,o-mundo-anda-tao-complicado,O
85970,o-mundo-anda-tao-complicado,mundo
85971,o-mundo-anda-tao-complicado,anda
85972,o-mundo-anda-tao-complicado,tão
85973,o-mundo-anda-tao-complicado,complicado
85974,o-mundo-anda-tao-complicado,Que
85975,o-mundo-anda-tao-complicado,hoje
85976,o-mundo-anda-tao-complicado,eu
85977,o-mundo-anda-tao-complicado,quero
85978,o-mundo-anda-tao-complicado,fazer
85979,o-mundo-anda-tao-complicado,tudo
85980,o-mundo-anda-tao-complicado,por
85981,o-mundo-anda-tao-complicado,você
85982,o-mundo-anda-tao-complicado,E
85983,o-mundo-anda-tao-complicado,separar
85984,o-mundo-anda-tao-complicado,todas
85985,o-mundo-anda-tao-complicado,as
85986,o-mundo-anda-tao-complicado,ferramentas
85987,o-mundo-anda-tao-complicado,Que
85988,o-mundo-anda-tao-complicado,a
85989,o-mundo-anda-tao-complicado,mudança
85990,o-mundo-anda-tao-complicado,grande
85991,o-mundo-anda-tao-complicado,chegou
85992,o-mundo-anda-tao-complicado,Com
85993,o-mundo-anda-tao-complicado,o
85994,o-mundo-anda-tao-complicado,fogão
85995,o-mundo-anda-tao-complicado,e
85996,o-mundo-anda-tao-complicado,a
85997,o-mundo-anda-tao-complicado,geladeira
85998,o-mundo-anda-tao-complicado,e
85999,o-mundo-anda-tao-complicado,a
86000,o-mundo-anda-tao-complicado,televisão
86001,o-mundo-anda-tao-complicado,Não
86002,o-mundo-anda-tao-complicado,precisamos
86003,o-mundo-anda-tao-complicado,dormir
86004,o-mundo-anda-tao-complicado,no
86005,o-mundo-anda-tao-complicado,chão
86006,o-mundo-anda-tao-complicado,Até
86007,o-mundo-anda-tao-complicado,que
86008,o-mundo-anda-tao-complicado,é
86009,o-mundo-anda-tao-complicado,"bom,"
86010,o-mundo-anda-tao-complicado,mas
86011,o-mundo-anda-tao-complicado,a
86012,o-mundo-anda-tao-complicado,cama
86013,o-mundo-anda-tao-complicado,chegou
86014,o-mundo-anda-tao-complicado,na
86015,o-mundo-anda-tao-complicado,terça
86016,o-mundo-anda-tao-complicado,E
86017,o-mundo-anda-tao-complicado,na
86018,o-mundo-anda-tao-complicado,quinta
86019,o-mundo-anda-tao-complicado,chegou
86020,o-mundo-anda-tao-complicado,o
86021,o-mundo-anda-tao-complicado,som
86022,o-mundo-anda-tao-complicado,E
86023,o-mundo-anda-tao-complicado,até
86024,o-mundo-anda-tao-complicado,que
86025,o-mundo-anda-tao-complicado,é
86026,o-mundo-anda-tao-complicado,fácil
86027,o-mundo-anda-tao-complicado,acostumar-se
86028,o-mundo-anda-tao-complicado,com
86029,o-mundo-anda-tao-complicado,meu
86030,o-mundo-anda-tao-complicado,jeito
86031,o-mundo-anda-tao-complicado,Agora
86032,o-mundo-anda-tao-complicado,que
86033,o-mundo-anda-tao-complicado,temos
86034,o-mundo-anda-tao-complicado,nossa
86035,o-mundo-anda-tao-complicado,casa
86036,o-mundo-anda-tao-complicado,É
86037,o-mundo-anda-tao-complicado,a
86038,o-mundo-anda-tao-complicado,chave
86039,o-mundo-anda-tao-complicado,o
86040,o-mundo-anda-tao-complicado,que
86041,o-mundo-anda-tao-complicado,sempre
86042,o-mundo-anda-tao-complicado,esqueço
86043,o-mundo-anda-tao-complicado,A
86044,o-mundo-anda-tao-complicado,gente
86045,o-mundo-anda-tao-complicado,faz
86046,o-mundo-anda-tao-complicado,uma
86047,o-mundo-anda-tao-complicado,feijoada
86048,o-mundo-anda-tao-complicado,Esquece
86049,o-mundo-anda-tao-complicado,um
86050,o-mundo-anda-tao-complicado,pouco
86051,o-mundo-anda-tao-complicado,do
86052,o-mundo-anda-tao-complicado,trabalho
86053,o-mundo-anda-tao-complicado,E
86054,o-mundo-anda-tao-complicado,fica
86055,o-mundo-anda-tao-complicado,de
86056,o-mundo-anda-tao-complicado,bate-papo
86057,o-mundo-anda-tao-complicado,Temos
86058,o-mundo-anda-tao-complicado,a
86059,o-mundo-anda-tao-complicado,semana
86060,o-mundo-anda-tao-complicado,inteira
86061,o-mundo-anda-tao-complicado,pela
86062,o-mundo-anda-tao-complicado,frente
86063,o-mundo-anda-tao-complicado,Você
86064,o-mundo-anda-tao-complicado,me
86065,o-mundo-anda-tao-complicado,conta
86066,o-mundo-anda-tao-complicado,como
86067,o-mundo-anda-tao-complicado,foi
86068,o-mundo-anda-tao-complicado,seu
86069,o-mundo-anda-tao-complicado,dia
86070,o-mundo-anda-tao-complicado,E
86071,o-mundo-anda-tao-complicado,a
86072,o-mundo-anda-tao-complicado,gente
86073,o-mundo-anda-tao-complicado,diz
86074,o-mundo-anda-tao-complicado,um
86075,o-mundo-anda-tao-complicado,pro
86076,o-mundo-anda-tao-complicado,outro
86077,o-mundo-anda-tao-complicado,Estou
86078,o-mundo-anda-tao-complicado,com
86079,o-mundo-anda-tao-complicado,"sono,"
86080,o-mundo-anda-tao-complicado,vamos
86081,o-mundo-anda-tao-complicado,dormir!
86082,o-mundo-anda-tao-complicado,O
86083,o-mundo-anda-tao-complicado,mundo
86084,o-mundo-anda-tao-complicado,anda
86085,o-mundo-anda-tao-complicado,tão
86086,o-mundo-anda-tao-complicado,complicado
86087,o-mundo-anda-tao-complicado,Que
86088,o-mundo-anda-tao-complicado,hoje
86089,o-mundo-anda-tao-complicado,eu
86090,o-mundo-anda-tao-complicado,quero
86091,o-mundo-anda-tao-complicado,fazer
86092,o-mundo-anda-tao-complicado,tudo
86093,o-mundo-anda-tao-complicado,por
86094,o-mundo-anda-tao-complicado,você
86095,o-mundo-anda-tao-complicado,Que
86096,o-mundo-anda-tao-complicado,fale
86097,o-mundo-anda-tao-complicado,da
86098,o-mundo-anda-tao-complicado,minha
86099,o-mundo-anda-tao-complicado,situação
86100,o-mundo-anda-tao-complicado,De
86101,o-mundo-anda-tao-complicado,quem
86102,o-mundo-anda-tao-complicado,deixou
86103,o-mundo-anda-tao-complicado,a
86104,o-mundo-anda-tao-complicado,segurança
86105,o-mundo-anda-tao-complicado,de
86106,o-mundo-anda-tao-complicado,seu
86107,o-mundo-anda-tao-complicado,mundo
86108,o-mundo-anda-tao-complicado,Por
86109,o-mundo-anda-tao-complicado,"amor,"
86110,o-mundo-anda-tao-complicado,por
86111,o-mundo-anda-tao-complicado,amor
86112,o-mundo-anda-tao-complicado,None
86862,o-passeio-da-boa-vista,None
87796,o-reggae,O
87797,o-reggae,meu
87798,o-reggae,primeiro
87799,o-reggae,contato
87800,o-reggae,com
87801,o-reggae,as
87802,o-reggae,grades
87803,o-reggae,O
87804,o-reggae,meu
87805,o-reggae,primeiro
87806,o-reggae,dia
87807,o-reggae,na
87808,o-reggae,escola
87809,o-reggae,Como
87810,o-reggae,eu
87811,o-reggae,senti
87812,o-reggae,vontade
87813,o-reggae,de
87814,o-reggae,ir
87815,o-reggae,embora
87816,o-reggae,Fazia
87817,o-reggae,tudo
87818,o-reggae,que
87819,o-reggae,eles
87820,o-reggae,quisessem
87821,o-reggae,Acreditava
87822,o-reggae,em
87823,o-reggae,tudo
87824,o-reggae,que
87825,o-reggae,eles
87826,o-reggae,me
87827,o-reggae,dissessem
87828,o-reggae,Me
87829,o-reggae,pediram
87830,o-reggae,pra
87831,o-reggae,ter
87832,o-reggae,paciência
87833,o-reggae,"Falhei,"
87834,o-reggae,gritaram:
87835,o-reggae,cresça
87836,o-reggae,e
87837,o-reggae,apareça!
87838,o-reggae,Aprendi
87839,o-reggae,o
87840,o-reggae,que
87841,o-reggae,era
87842,o-reggae,certo
87843,o-reggae,com
87844,o-reggae,a
87845,o-reggae,pessoa
87846,o-reggae,errada
87847,o-reggae,Assistia
87848,o-reggae,o
87849,o-reggae,jornal
87850,o-reggae,da
87851,o-reggae,TV
87852,o-reggae,E
87853,o-reggae,aprendi
87854,o-reggae,a
87855,o-reggae,roubar
87856,o-reggae,pra
87857,o-reggae,vencer
87858,o-reggae,Nada
87859,o-reggae,era
87860,o-reggae,como
87861,o-reggae,eu
87862,o-reggae,imaginava
87863,o-reggae,Nem
87864,o-reggae,as
87865,o-reggae,pessoas
87866,o-reggae,que
87867,o-reggae,eu
87868,o-reggae,tanto
87869,o-reggae,amava
87870,o-reggae,Mas
87871,o-reggae,e
87872,o-reggae,"daí,"
87873,o-reggae,se
87874,o-reggae,é
87875,o-reggae,mesmo
87876,o-reggae,assim
87877,o-reggae,Vou
87878,o-reggae,ver
87879,o-reggae,se
87880,o-reggae,tiro
87881,o-reggae,o
87882,o-reggae,melhor
87883,o-reggae,pra
87884,o-reggae,mim
87885,o-reggae,Não
87886,o-reggae,faz
87887,o-reggae,o
87888,o-reggae,que
87889,o-reggae,eu
87890,o-reggae,"fizer,"
87891,o-reggae,mas
87892,o-reggae,não
87893,o-reggae,me
87894,o-reggae,deixe
87895,o-reggae,aqui
87896,o-reggae,Ninguém
87897,o-reggae,me
87898,o-reggae,perguntou
87899,o-reggae,se
87900,o-reggae,eu
87901,o-reggae,estava
87902,o-reggae,pronto
87903,o-reggae,E
87904,o-reggae,eu
87905,o-reggae,fiquei
87906,o-reggae,completamente
87907,o-reggae,tonto
87908,o-reggae,Procurando
87909,o-reggae,descobrir
87910,o-reggae,a
87911,o-reggae,verdade
87912,o-reggae,Nos
87913,o-reggae,meios
87914,o-reggae,das
87915,o-reggae,mentiras
87916,o-reggae,da
87917,o-reggae,cidade
87918,o-reggae,Tentava
87919,o-reggae,ver
87920,o-reggae,o
87921,o-reggae,que
87922,o-reggae,existia
87923,o-reggae,de
87924,o-reggae,errado
87925,o-reggae,Quantas
87926,o-reggae,crianças
87927,o-reggae,Deus
87928,o-reggae,já
87929,o-reggae,tinha
87930,o-reggae,matado
87931,o-reggae,Têm
87932,o-reggae,o
87933,o-reggae,meu
87934,o-reggae,destino
87935,o-reggae,pronto
87936,o-reggae,e
87937,o-reggae,não
87938,o-reggae,me
87939,o-reggae,deixam
87940,o-reggae,escolher
87941,o-reggae,Vêm
87942,o-reggae,falar
87943,o-reggae,de
87944,o-reggae,liberdade
87945,o-reggae,pra
87946,o-reggae,depois
87947,o-reggae,me
87948,o-reggae,prender
87949,o-reggae,Pedem
87950,o-reggae,identidade
87951,o-reggae,pra
87952,o-reggae,depois
87953,o-reggae,me
87954,o-reggae,bater
87955,o-reggae,Tiram
87956,o-reggae,todas
87957,o-reggae,as
87958,o-reggae,minhas
87959,o-reggae,armas
87960,o-reggae,Como
87961,o-reggae,posso
87962,o-reggae,me
87963,o-reggae,defender?
87964,o-reggae,Vocês
87965,o-reggae,venceram
87966,o-reggae,essa
87967,o-reggae,batalha
87968,o-reggae,Quanto
87969,o-reggae,à
87970,o-reggae,guerra
87971,o-reggae,vamos
87972,o-reggae,ver
87973,o-reggae,None
89664,on-the-way-home,I
89665,on-the-way-home,held
89666,on-the-way-home,my
89667,on-the-way-home,breath
89668,on-the-way-home,with
89669,on-the-way-home,my
89670,on-the-way-home,eyes
89671,on-the-way-home,closed
89672,on-the-way-home,I
89673,on-the-way-home,went
89674,on-the-way-home,insane
89675,on-the-way-home,Like
89676,on-the-way-home,a
89677,on-the-way-home,smoke
89678,on-the-way-home,ring
89679,on-the-way-home,day
89680,on-the-way-home,When
89681,on-the-way-home,the
89682,on-the-way-home,wind
89683,on-the-way-home,blows
89684,on-the-way-home,Now
89685,on-the-way-home,I
89686,on-the-way-home,won't
89687,on-the-way-home,be
89688,on-the-way-home,back
89689,on-the-way-home,till
89690,on-the-way-home,later
89691,on-the-way-home,on
89692,on-the-way-home,If
89693,on-the-way-home,I
89694,on-the-way-home,do
89695,on-the-way-home,come
89696,on-the-way-home,back
89697,on-the-way-home,at
89698,on-the-way-home,all
89699,on-the-way-home,Because
89700,on-the-way-home,you
89701,on-the-way-home,know
89702,on-the-way-home,"me,"
89703,on-the-way-home,and
89704,on-the-way-home,I
89705,on-the-way-home,miss
89706,on-the-way-home,you
89707,on-the-way-home,now
89708,on-the-way-home,In
89709,on-the-way-home,a
89710,on-the-way-home,strange
89711,on-the-way-home,game
89712,on-the-way-home,I
89713,on-the-way-home,saw
89714,on-the-way-home,myself
89715,on-the-way-home,as
89716,on-the-way-home,you
89717,on-the-way-home,knew
89718,on-the-way-home,me
89719,on-the-way-home,When
89720,on-the-way-home,the
89721,on-the-way-home,change
89722,on-the-way-home,came
89723,on-the-way-home,And
89724,on-the-way-home,you
89725,on-the-way-home,had
89726,on-the-way-home,the
89727,on-the-way-home,Chance
89728,on-the-way-home,to
89729,on-the-way-home,see
89730,on-the-way-home,through
89731,on-the-way-home,me
89732,on-the-way-home,Though
89733,on-the-way-home,the
89734,on-the-way-home,other
89735,on-the-way-home,side
89736,on-the-way-home,is
89737,on-the-way-home,just
89738,on-the-way-home,the
89739,on-the-way-home,same
89740,on-the-way-home,You
89741,on-the-way-home,can
89742,on-the-way-home,tell
89743,on-the-way-home,my
89744,on-the-way-home,dream
89745,on-the-way-home,is
89746,on-the-way-home,real
89747,on-the-way-home,And
89748,on-the-way-home,I
89749,on-the-way-home,love
89750,on-the-way-home,you
89751,on-the-way-home,and
89752,on-the-way-home,I
89753,on-the-way-home,miss
89754,on-the-way-home,you
89755,on-the-way-home,now
89756,on-the-way-home,Though
89757,on-the-way-home,we
89758,on-the-way-home,rush
89759,on-the-way-home,ahead
89760,on-the-way-home,to
89761,on-the-way-home,save
89762,on-the-way-home,our
89763,on-the-way-home,time
89764,on-the-way-home,We
89765,on-the-way-home,are
89766,on-the-way-home,only
89767,on-the-way-home,what
89768,on-the-way-home,we
89769,on-the-way-home,feel
89770,on-the-way-home,And
89771,on-the-way-home,I
89772,on-the-way-home,love
89773,on-the-way-home,"you,"
89774,on-the-way-home,can
89775,on-the-way-home,you
89776,on-the-way-home,feel
89777,on-the-way-home,it
89778,on-the-way-home,now?
89779,on-the-way-home,"Oh,"
89780,on-the-way-home,yeah
89781,on-the-way-home,I
89782,on-the-way-home,could
89783,on-the-way-home,be
89784,on-the-way-home,"wrong,"
89785,on-the-way-home,I
89786,on-the-way-home,could
89787,on-the-way-home,be
89788,on-the-way-home,right
89789,on-the-way-home,I
89790,on-the-way-home,could
89791,on-the-way-home,be
89792,on-the-way-home,"wrong,"
89793,on-the-way-home,I
89794,on-the-way-home,could
89795,on-the-way-home,be
89796,on-the-way-home,right
89797,on-the-way-home,I
89798,on-the-way-home,could
89799,on-the-way-home,be
89800,on-the-way-home,"black,"
89801,on-the-way-home,I
89802,on-the-way-home,could
89803,on-the-way-home,be
89804,on-the-way-home,white
89805,on-the-way-home,I
89806,on-the-way-home,could
89807,on-the-way-home,be
89808,on-the-way-home,"right,"
89809,on-the-way-home,I
89810,on-the-way-home,could
89811,on-the-way-home,be
89812,on-the-way-home,wrong
89813,on-the-way-home,I
89814,on-the-way-home,could
89815,on-the-way-home,be
89816,on-the-way-home,"white,"
89817,on-the-way-home,I
89818,on-the-way-home,could
89819,on-the-way-home,be
89820,on-the-way-home,black
89821,on-the-way-home,The
89822,on-the-way-home,cost
89823,on-the-way-home,so
89824,on-the-way-home,"high,"
89825,on-the-way-home,the
89826,on-the-way-home,gain
89827,on-the-way-home,so
89828,on-the-way-home,low
89829,on-the-way-home,Walk
89830,on-the-way-home,through
89831,on-the-way-home,the
89832,on-the-way-home,valley
89833,on-the-way-home,The
89834,on-the-way-home,written
89835,on-the-way-home,word
89836,on-the-way-home,is
89837,on-the-way-home,a
89838,on-the-way-home,lie
89839,on-the-way-home,May
89840,on-the-way-home,the
89841,on-the-way-home,road
89842,on-the-way-home,rise
89843,on-the-way-home,with
89844,on-the-way-home,you
89845,on-the-way-home,May
89846,on-the-way-home,the
89847,on-the-way-home,road
89848,on-the-way-home,rise
89849,on-the-way-home,with
89850,on-the-way-home,you
89851,on-the-way-home,May
89852,on-the-way-home,the
89853,on-the-way-home,road
89854,on-the-way-home,rise
89855,on-the-way-home,with
89856,on-the-way-home,you
89857,on-the-way-home,May
89858,on-the-way-home,the
89859,on-the-way-home,road
89860,on-the-way-home,rise
89861,on-the-way-home,with
89862,on-the-way-home,you
89863,on-the-way-home,I
89864,on-the-way-home,could
89865,on-the-way-home,be
89866,on-the-way-home,black
89867,on-the-way-home,I
89868,on-the-way-home,could
89869,on-the-way-home,be
89870,on-the-way-home,white
89871,on-the-way-home,The
89872,on-the-way-home,time
89873,on-the-way-home,has
89874,on-the-way-home,come
89875,on-the-way-home,your
89876,on-the-way-home,second
89877,on-the-way-home,skin
89878,on-the-way-home,The
89879,on-the-way-home,cost
89880,on-the-way-home,so
89881,on-the-way-home,"high,"
89882,on-the-way-home,the
89883,on-the-way-home,gain
89884,on-the-way-home,so
89885,on-the-way-home,low
89886,on-the-way-home,Walk
89887,on-the-way-home,through
89888,on-the-way-home,the
89889,on-the-way-home,valley
89890,on-the-way-home,The
89891,on-the-way-home,written
89892,on-the-way-home,word
89893,on-the-way-home,is
89894,on-the-way-home,a
89895,on-the-way-home,lie
89896,on-the-way-home,May
89897,on-the-way-home,the
89898,on-the-way-home,road
89899,on-the-way-home,rise
89900,on-the-way-home,with
89901,on-the-way-home,you
89902,on-the-way-home,May
89903,on-the-way-home,the
89904,on-the-way-home,road
89905,on-the-way-home,rise
89906,on-the-way-home,with
89907,on-the-way-home,you
89908,on-the-way-home,May
89909,on-the-way-home,the
89910,on-the-way-home,road
89911,on-the-way-home,rise
89912,on-the-way-home,with
89913,on-the-way-home,you
89914,on-the-way-home,May
89915,on-the-way-home,the
89916,on-the-way-home,road
89917,on-the-way-home,rise
89918,on-the-way-home,with
89919,on-the-way-home,you
89920,on-the-way-home,Anger
89921,on-the-way-home,is
89922,on-the-way-home,an
89923,on-the-way-home,energy
89924,on-the-way-home,Anger
89925,on-the-way-home,is
89926,on-the-way-home,an
89927,on-the-way-home,energy
89928,on-the-way-home,Anger
89929,on-the-way-home,is
89930,on-the-way-home,an
89931,on-the-way-home,energy
89932,on-the-way-home,None
91532,os-anjos,Não
91533,os-anjos,sei
91534,os-anjos,mais
91535,os-anjos,o
91536,os-anjos,que
91537,os-anjos,dizer
91538,os-anjos,e
91539,os-anjos,nem
91540,os-anjos,o
91541,os-anjos,que
91542,os-anjos,pensar
91543,os-anjos,A
91544,os-anjos,maldade
91545,os-anjos,humana
91546,os-anjos,agora
91547,os-anjos,não
91548,os-anjos,tem
91549,os-anjos,"nome,"
91550,os-anjos,hoje
91551,os-anjos,não
91552,os-anjos,dá
91553,os-anjos,Junte
91554,os-anjos,trinta
91555,os-anjos,e
91556,os-anjos,quatro
91557,os-anjos,partes
91558,os-anjos,de
91559,os-anjos,mentira
91560,os-anjos,Coloque
91561,os-anjos,tudo
91562,os-anjos,numa
91563,os-anjos,forma
91564,os-anjos,untada
91565,os-anjos,previamente
91566,os-anjos,Com
91567,os-anjos,promessas
91568,os-anjos,não
91569,os-anjos,cumpridas
91570,os-anjos,Adicione
91571,os-anjos,a
91572,os-anjos,seguir
91573,os-anjos,o
91574,os-anjos,ódio
91575,os-anjos,e
91576,os-anjos,a
91577,os-anjos,inveja
91578,os-anjos,As
91579,os-anjos,dez
91580,os-anjos,colheres
91581,os-anjos,cheias
91582,os-anjos,de
91583,os-anjos,burrice
91584,os-anjos,Mexa
91585,os-anjos,tudo
91586,os-anjos,e
91587,os-anjos,misture
91588,os-anjos,bem
91589,os-anjos,E
91590,os-anjos,não
91591,os-anjos,se
91592,os-anjos,esqueça
91593,os-anjos,antes
91594,os-anjos,de
91595,os-anjos,levar
91596,os-anjos,ao
91597,os-anjos,forno
91598,os-anjos,Temperar
91599,os-anjos,com
91600,os-anjos,essência
91601,os-anjos,de
91602,os-anjos,espirito
91603,os-anjos,de
91604,os-anjos,porco
91605,os-anjos,Duas
91606,os-anjos,xícaras
91607,os-anjos,de
91608,os-anjos,indiferença
91609,os-anjos,E
91610,os-anjos,um
91611,os-anjos,tablete
91612,os-anjos,e
91613,os-anjos,meio
91614,os-anjos,de
91615,os-anjos,preguiça
91616,os-anjos,Está
91617,os-anjos,um
91618,os-anjos,dia
91619,os-anjos,tão
91620,os-anjos,bonito
91621,os-anjos,lá
91622,os-anjos,fora
91623,os-anjos,e
91624,os-anjos,eu
91625,os-anjos,quero
91626,os-anjos,brincar
91627,os-anjos,Vou
91628,os-anjos,consertar
91629,os-anjos,a
91630,os-anjos,minha
91631,os-anjos,asa
91632,os-anjos,quebrada
91633,os-anjos,e
91634,os-anjos,descansar
91635,os-anjos,Destes
91636,os-anjos,crimes
91637,os-anjos,atrozes
91638,os-anjos,É
91639,os-anjos,todo
91640,os-anjos,dia
91641,os-anjos,agora
91642,os-anjos,E
91643,os-anjos,o
91644,os-anjos,que
91645,os-anjos,vamos
91646,os-anjos,fazer?
91647,os-anjos,Quero
91648,os-anjos,voar
91649,os-anjos,pra
91650,os-anjos,bem
91651,os-anjos,longe
91652,os-anjos,Mas
91653,os-anjos,hoje
91654,os-anjos,não
91655,os-anjos,dá
91656,os-anjos,Não
91657,os-anjos,sei
91658,os-anjos,o
91659,os-anjos,que
91660,os-anjos,pensar
91661,os-anjos,E
91662,os-anjos,nem
91663,os-anjos,o
91664,os-anjos,que
91665,os-anjos,dizer
91666,os-anjos,Só
91667,os-anjos,nos
91668,os-anjos,sobrou
91669,os-anjos,do
91670,os-anjos,amor
91671,os-anjos,A
91672,os-anjos,falta
91673,os-anjos,que
91674,os-anjos,ficou
91675,os-anjos,None
92466,os-barcos,Você
92467,os-barcos,não
92468,os-barcos,quer
92469,os-barcos,mais
92470,os-barcos,o
92471,os-barcos,meu
92472,os-barcos,querer
92473,os-barcos,Estamos
92474,os-barcos,medindo
92475,os-barcos,forças
92476,os-barcos,desiguais
92477,os-barcos,Qualquer
92478,os-barcos,um
92479,os-barcos,pode
92480,os-barcos,ver
92481,os-barcos,Que
92482,os-barcos,só
92483,os-barcos,terminou
92484,os-barcos,pra
92485,os-barcos,você
92486,os-barcos,A
92487,os-barcos,cada
92488,os-barcos,ato
92489,os-barcos,enceno
92490,os-barcos,a
92491,os-barcos,diferença
92492,os-barcos,Do
92493,os-barcos,que
92494,os-barcos,é
92495,os-barcos,amor
92496,os-barcos,ficou
92497,os-barcos,o
92498,os-barcos,seu
92499,os-barcos,retrato
92500,os-barcos,A
92501,os-barcos,peça
92502,os-barcos,que
92503,os-barcos,interpreta
92504,os-barcos,o
92505,os-barcos,improviso
92506,os-barcos,insensato
92507,os-barcos,Essa
92508,os-barcos,saudade
92509,os-barcos,eu
92510,os-barcos,sei
92511,os-barcos,de
92512,os-barcos,cor
92513,os-barcos,Sei
92514,os-barcos,o
92515,os-barcos,caminho
92516,os-barcos,dos
92517,os-barcos,barcos
92518,os-barcos,Recebe
92519,os-barcos,o
92520,os-barcos,resto
92521,os-barcos,exato
92522,os-barcos,e
92523,os-barcos,tão
92524,os-barcos,pequeno
92525,os-barcos,É
92526,os-barcos,"dor,"
92527,os-barcos,se
92528,os-barcos,"há,"
92529,os-barcos,"tentava,"
92530,os-barcos,já
92531,os-barcos,não
92532,os-barcos,tento
92533,os-barcos,E
92534,os-barcos,ao
92535,os-barcos,transformar
92536,os-barcos,em
92537,os-barcos,dor
92538,os-barcos,o
92539,os-barcos,que
92540,os-barcos,é
92541,os-barcos,vaidade
92542,os-barcos,E
92543,os-barcos,ao
92544,os-barcos,ter
92545,os-barcos,"amor,"
92546,os-barcos,se
92547,os-barcos,este
92548,os-barcos,é
92549,os-barcos,só
92550,os-barcos,orgulho
92551,os-barcos,Eu
92552,os-barcos,faço
92553,os-barcos,da
92554,os-barcos,"mentira,"
92555,os-barcos,liberdade
92556,os-barcos,E
92557,os-barcos,de
92558,os-barcos,qualquer
92559,os-barcos,"quintal,"
92560,os-barcos,faço
92561,os-barcos,cidade
92562,os-barcos,E
92563,os-barcos,insisto
92564,os-barcos,que
92565,os-barcos,é
92566,os-barcos,virtude
92567,os-barcos,o
92568,os-barcos,que
92569,os-barcos,é
92570,os-barcos,entulho
92571,os-barcos,Baldio
92572,os-barcos,é
92573,os-barcos,o
92574,os-barcos,meu
92575,os-barcos,terreno
92576,os-barcos,e
92577,os-barcos,meu
92578,os-barcos,alarde
92579,os-barcos,Eu
92580,os-barcos,vejo
92581,os-barcos,você
92582,os-barcos,se
92583,os-barcos,apaixonando
92584,os-barcos,outra
92585,os-barcos,vez
92586,os-barcos,Eu
92587,os-barcos,fico
92588,os-barcos,com
92589,os-barcos,a
92590,os-barcos,saudade
92591,os-barcos,e
92592,os-barcos,você
92593,os-barcos,com
92594,os-barcos,outro
92595,os-barcos,alguém
92596,os-barcos,Mas
92597,os-barcos,qualquer
92598,os-barcos,um
92599,os-barcos,pode
92600,os-barcos,ver
92601,os-barcos,Só
92602,os-barcos,terminou
92603,os-barcos,pra
92604,os-barcos,você
92605,os-barcos,Só
92606,os-barcos,terminou
92607,os-barcos,pra
92608,os-barcos,você
92609,os-barcos,None
93400,os-bons-morrem-jovens,Os
93401,os-bons-morrem-jovens,bons
93402,os-bons-morrem-jovens,morrem
93403,os-bons-morrem-jovens,jovens
93404,os-bons-morrem-jovens,Assim
93405,os-bons-morrem-jovens,parece
93406,os-bons-morrem-jovens,ser
93407,os-bons-morrem-jovens,Quando
93408,os-bons-morrem-jovens,me
93409,os-bons-morrem-jovens,lembro
93410,os-bons-morrem-jovens,de
93411,os-bons-morrem-jovens,você
93412,os-bons-morrem-jovens,Que
93413,os-bons-morrem-jovens,acabou
93414,os-bons-morrem-jovens,indo
93415,os-bons-morrem-jovens,embora
93416,os-bons-morrem-jovens,Cedo
93417,os-bons-morrem-jovens,demais
93418,os-bons-morrem-jovens,Me
93419,os-bons-morrem-jovens,apaixono
93420,os-bons-morrem-jovens,todo
93421,os-bons-morrem-jovens,dia
93422,os-bons-morrem-jovens,É
93423,os-bons-morrem-jovens,sempre
93424,os-bons-morrem-jovens,a
93425,os-bons-morrem-jovens,pessoa
93426,os-bons-morrem-jovens,errada
93427,os-bons-morrem-jovens,Você
93428,os-bons-morrem-jovens,sorriu
93429,os-bons-morrem-jovens,e
93430,os-bons-morrem-jovens,disse
93431,os-bons-morrem-jovens,Eu
93432,os-bons-morrem-jovens,gosto
93433,os-bons-morrem-jovens,de
93434,os-bons-morrem-jovens,você
93435,os-bons-morrem-jovens,também
93436,os-bons-morrem-jovens,Só
93437,os-bons-morrem-jovens,que
93438,os-bons-morrem-jovens,você
93439,os-bons-morrem-jovens,foi
93440,os-bons-morrem-jovens,embora
93441,os-bons-morrem-jovens,Cedo
93442,os-bons-morrem-jovens,demais
93443,os-bons-morrem-jovens,Meu
93444,os-bons-morrem-jovens,trabalho
93445,os-bons-morrem-jovens,e
93446,os-bons-morrem-jovens,meus
93447,os-bons-morrem-jovens,amigos
93448,os-bons-morrem-jovens,E
93449,os-bons-morrem-jovens,me
93450,os-bons-morrem-jovens,lembro
93451,os-bons-morrem-jovens,de
93452,os-bons-morrem-jovens,você
93453,os-bons-morrem-jovens,Dia
93454,os-bons-morrem-jovens,de
93455,os-bons-morrem-jovens,chuva
93456,os-bons-morrem-jovens,Dia
93457,os-bons-morrem-jovens,de
93458,os-bons-morrem-jovens,sol
93459,os-bons-morrem-jovens,E
93460,os-bons-morrem-jovens,o
93461,os-bons-morrem-jovens,que
93462,os-bons-morrem-jovens,sinto
93463,os-bons-morrem-jovens,não
93464,os-bons-morrem-jovens,sei
93465,os-bons-morrem-jovens,dizer
93466,os-bons-morrem-jovens,Vai
93467,os-bons-morrem-jovens,em
93468,os-bons-morrem-jovens,paz
93469,os-bons-morrem-jovens,Era
93470,os-bons-morrem-jovens,assim
93471,os-bons-morrem-jovens,todo
93472,os-bons-morrem-jovens,dia
93473,os-bons-morrem-jovens,de
93474,os-bons-morrem-jovens,tarde
93475,os-bons-morrem-jovens,A
93476,os-bons-morrem-jovens,descoberta
93477,os-bons-morrem-jovens,da
93478,os-bons-morrem-jovens,amizade
93479,os-bons-morrem-jovens,Até
93480,os-bons-morrem-jovens,a
93481,os-bons-morrem-jovens,próxima
93482,os-bons-morrem-jovens,vez
93483,os-bons-morrem-jovens,Os
93484,os-bons-morrem-jovens,bons
93485,os-bons-morrem-jovens,morrem
93486,os-bons-morrem-jovens,antes
93487,os-bons-morrem-jovens,Me
93488,os-bons-morrem-jovens,lembro
93489,os-bons-morrem-jovens,de
93490,os-bons-morrem-jovens,você
93491,os-bons-morrem-jovens,E
93492,os-bons-morrem-jovens,de
93493,os-bons-morrem-jovens,tanta
93494,os-bons-morrem-jovens,gente
93495,os-bons-morrem-jovens,que
93496,os-bons-morrem-jovens,se
93497,os-bons-morrem-jovens,foi
93498,os-bons-morrem-jovens,Cedo
93499,os-bons-morrem-jovens,demais
93500,os-bons-morrem-jovens,Eu
93501,os-bons-morrem-jovens,aprendi
93502,os-bons-morrem-jovens,a
93503,os-bons-morrem-jovens,ter
93504,os-bons-morrem-jovens,Tudo
93505,os-bons-morrem-jovens,o
93506,os-bons-morrem-jovens,que
93507,os-bons-morrem-jovens,sempre
93508,os-bons-morrem-jovens,quis
93509,os-bons-morrem-jovens,Só
93510,os-bons-morrem-jovens,não
93511,os-bons-morrem-jovens,aprendi
93512,os-bons-morrem-jovens,a
93513,os-bons-morrem-jovens,perder
93514,os-bons-morrem-jovens,Do
93515,os-bons-morrem-jovens,resto
93516,os-bons-morrem-jovens,não
93517,os-bons-morrem-jovens,sei
93518,os-bons-morrem-jovens,dizer
93519,os-bons-morrem-jovens,Lembro
93520,os-bons-morrem-jovens,das
93521,os-bons-morrem-jovens,tardes
93522,os-bons-morrem-jovens,que
93523,os-bons-morrem-jovens,passamos
93524,os-bons-morrem-jovens,juntos
93525,os-bons-morrem-jovens,Não
93526,os-bons-morrem-jovens,é
93527,os-bons-morrem-jovens,sempre
93528,os-bons-morrem-jovens,mais
93529,os-bons-morrem-jovens,eu
93530,os-bons-morrem-jovens,sei
93531,os-bons-morrem-jovens,Só
93532,os-bons-morrem-jovens,que
93533,os-bons-morrem-jovens,neste
93534,os-bons-morrem-jovens,ano
93535,os-bons-morrem-jovens,O
93536,os-bons-morrem-jovens,verão
93537,os-bons-morrem-jovens,acabou
93538,os-bons-morrem-jovens,Cedo
93539,os-bons-morrem-jovens,demais
93540,os-bons-morrem-jovens,None
95268,perdidos-no-espaco,Também
95269,perdidos-no-espaco,não
95270,perdidos-no-espaco,respondi
95271,perdidos-no-espaco,quando
95272,perdidos-no-espaco,você
95273,perdidos-no-espaco,me
95274,perdidos-no-espaco,escreveu
95275,perdidos-no-espaco,Anotei
95276,perdidos-no-espaco,seu
95277,perdidos-no-espaco,telefone
95278,perdidos-no-espaco,num
95279,perdidos-no-espaco,pedaço
95280,perdidos-no-espaco,de
95281,perdidos-no-espaco,papel
95282,perdidos-no-espaco,Calculei
95283,perdidos-no-espaco,seu
95284,perdidos-no-espaco,ascendente
95285,perdidos-no-espaco,no
95286,perdidos-no-espaco,recibo
95287,perdidos-no-espaco,do
95288,perdidos-no-espaco,aluguel
95289,perdidos-no-espaco,Esqueci
95290,perdidos-no-espaco,seu
95291,perdidos-no-espaco,sobrenome
95292,perdidos-no-espaco,Mas
95293,perdidos-no-espaco,me
95294,perdidos-no-espaco,lembro
95295,perdidos-no-espaco,de
95296,perdidos-no-espaco,você
95297,perdidos-no-espaco,E
95298,perdidos-no-espaco,a
95299,perdidos-no-espaco,rotina
95300,perdidos-no-espaco,crescia
95301,perdidos-no-espaco,como
95302,perdidos-no-espaco,planta
95303,perdidos-no-espaco,E
95304,perdidos-no-espaco,engolia
95305,perdidos-no-espaco,a
95306,perdidos-no-espaco,metade
95307,perdidos-no-espaco,do
95308,perdidos-no-espaco,caminho
95309,perdidos-no-espaco,E
95310,perdidos-no-espaco,a
95311,perdidos-no-espaco,mudança
95312,perdidos-no-espaco,levou
95313,perdidos-no-espaco,tempo
95314,perdidos-no-espaco,por
95315,perdidos-no-espaco,ser
95316,perdidos-no-espaco,tão
95317,perdidos-no-espaco,veloz
95318,perdidos-no-espaco,Enquanto
95319,perdidos-no-espaco,estávamos
95320,perdidos-no-espaco,a
95321,perdidos-no-espaco,salvo
95322,perdidos-no-espaco,Ficamos
95323,perdidos-no-espaco,suspensos
95324,perdidos-no-espaco,Perdidos
95325,perdidos-no-espaco,no
95326,perdidos-no-espaco,espaço
95327,perdidos-no-espaco,Ficamos
95328,perdidos-no-espaco,suspensos
95329,perdidos-no-espaco,Perdidos
95330,perdidos-no-espaco,no
95331,perdidos-no-espaco,espaço
95332,perdidos-no-espaco,Escrevi
95333,perdidos-no-espaco,pra
95334,perdidos-no-espaco,"você,"
95335,perdidos-no-espaco,você
95336,perdidos-no-espaco,não
95337,perdidos-no-espaco,respondeu
95338,perdidos-no-espaco,Também
95339,perdidos-no-espaco,não
95340,perdidos-no-espaco,respondi
95341,perdidos-no-espaco,quando
95342,perdidos-no-espaco,você
95343,perdidos-no-espaco,me
95344,perdidos-no-espaco,escreveu
95345,perdidos-no-espaco,Anotei
95346,perdidos-no-espaco,seu
95347,perdidos-no-espaco,telefone
95348,perdidos-no-espaco,num
95349,perdidos-no-espaco,pedaço
95350,perdidos-no-espaco,de
95351,perdidos-no-espaco,papel
95352,perdidos-no-espaco,Calculei
95353,perdidos-no-espaco,seu
95354,perdidos-no-espaco,ascendente
95355,perdidos-no-espaco,no
95356,perdidos-no-espaco,recibo
95357,perdidos-no-espaco,do
95358,perdidos-no-espaco,aluguel
95359,perdidos-no-espaco,Esqueci
95360,perdidos-no-espaco,seu
95361,perdidos-no-espaco,sobrenome
95362,perdidos-no-espaco,Mas
95363,perdidos-no-espaco,me
95364,perdidos-no-espaco,lembro
95365,perdidos-no-espaco,de
95366,perdidos-no-espaco,você
95367,perdidos-no-espaco,E
95368,perdidos-no-espaco,era
95369,perdidos-no-espaco,como
95370,perdidos-no-espaco,se
95371,perdidos-no-espaco,jogassem
95372,perdidos-no-espaco,Space
95373,perdidos-no-espaco,Invaders
95374,perdidos-no-espaco,Perdendo
95375,perdidos-no-espaco,mais
95376,perdidos-no-espaco,dinheiro
95377,perdidos-no-espaco,de
95378,perdidos-no-espaco,muitas
95379,perdidos-no-espaco,maneiras
95380,perdidos-no-espaco,Vivendo
95381,perdidos-no-espaco,num
95382,perdidos-no-espaco,"planeta,"
95383,perdidos-no-espaco,perdido
95384,perdidos-no-espaco,como
95385,perdidos-no-espaco,nós
95386,perdidos-no-espaco,Quem
95387,perdidos-no-espaco,sabe
95388,perdidos-no-espaco,ainda
95389,perdidos-no-espaco,estamos
95390,perdidos-no-espaco,a
95391,perdidos-no-espaco,salvo?
95392,perdidos-no-espaco,Ficamos
95393,perdidos-no-espaco,suspensos
95394,perdidos-no-espaco,Perdidos
95395,perdidos-no-espaco,no
95396,perdidos-no-espaco,espaço
95397,perdidos-no-espaco,Ficamos
95398,perdidos-no-espaco,suspensos
95399,perdidos-no-espaco,Perdidos
95400,perdidos-no-espaco,no
95401,perdidos-no-espaco,espaço
95402,perdidos-no-espaco,None
96202,perfeicao,A
96203,perfeicao,estupidez
96204,perfeicao,de
96205,perfeicao,todas
96206,perfeicao,as
96207,perfeicao,nações
96208,perfeicao,O
96209,perfeicao,meu
96210,perfeicao,país
96211,perfeicao,e
96212,perfeicao,sua
96213,perfeicao,corja
96214,perfeicao,de
96215,perfeicao,assassinos
96216,perfeicao,covardes
96217,perfeicao,Estupradores
96218,perfeicao,e
96219,perfeicao,ladrões
96220,perfeicao,Nossa
96221,perfeicao,polícia
96222,perfeicao,e
96223,perfeicao,televisão
96224,perfeicao,Vamos
96225,perfeicao,celebrar
96226,perfeicao,nosso
96227,perfeicao,governo
96228,perfeicao,E
96229,perfeicao,nosso
96230,perfeicao,Estado
96231,perfeicao,que
96232,perfeicao,não
96233,perfeicao,é
96234,perfeicao,nação
96235,perfeicao,Celebrar
96236,perfeicao,nossa
96237,perfeicao,desunião
96238,perfeicao,Vamos
96239,perfeicao,celebrar
96240,perfeicao,Eros
96241,perfeicao,e
96242,perfeicao,Thanatos
96243,perfeicao,Persefóne
96244,perfeicao,e
96245,perfeicao,Hades
96246,perfeicao,Vamos
96247,perfeicao,celebrar
96248,perfeicao,nossa
96249,perfeicao,tristeza
96250,perfeicao,Vamos
96251,perfeicao,celebrar
96252,perfeicao,nossa
96253,perfeicao,vaidade
96254,perfeicao,A
96255,perfeicao,cada
96256,perfeicao,fevereiro
96257,perfeicao,e
96258,perfeicao,feriado
96259,perfeicao,Todos
96260,perfeicao,os
96261,perfeicao,mortos
96262,perfeicao,nas
96263,perfeicao,estradas
96264,perfeicao,Os
96265,perfeicao,mortos
96266,perfeicao,por
96267,perfeicao,falta
96268,perfeicao,de
96269,perfeicao,hospitais
96270,perfeicao,A
96271,perfeicao,ganância
96272,perfeicao,e
96273,perfeicao,a
96274,perfeicao,difamação
96275,perfeicao,Vamos
96276,perfeicao,celebrar
96277,perfeicao,os
96278,perfeicao,preconceitos
96279,perfeicao,O
96280,perfeicao,voto
96281,perfeicao,dos
96282,perfeicao,analfabetos
96283,perfeicao,"Queimadas,"
96284,perfeicao,mentiras
96285,perfeicao,e
96286,perfeicao,sequestros
96287,perfeicao,Nosso
96288,perfeicao,castelo
96289,perfeicao,de
96290,perfeicao,cartas
96291,perfeicao,marcadas
96292,perfeicao,O
96293,perfeicao,trabalho
96294,perfeicao,"escravo,"
96295,perfeicao,nosso
96296,perfeicao,pequeno
96297,perfeicao,universo
96298,perfeicao,Toda
96299,perfeicao,a
96300,perfeicao,hipocrisia
96301,perfeicao,e
96302,perfeicao,toda
96303,perfeicao,a
96304,perfeicao,afetação
96305,perfeicao,Todo
96306,perfeicao,roubo
96307,perfeicao,e
96308,perfeicao,toda
96309,perfeicao,indiferença
96310,perfeicao,Vamos
96311,perfeicao,celebrar
96312,perfeicao,epidemias
96313,perfeicao,É
96314,perfeicao,a
96315,perfeicao,festa
96316,perfeicao,da
96317,perfeicao,torcida
96318,perfeicao,campeã
96319,perfeicao,Não
96320,perfeicao,ter
96321,perfeicao,a
96322,perfeicao,quem
96323,perfeicao,"ouvir,"
96324,perfeicao,não
96325,perfeicao,se
96326,perfeicao,ter
96327,perfeicao,a
96328,perfeicao,quem
96329,perfeicao,amar
96330,perfeicao,Vamos
96331,perfeicao,alimentar
96332,perfeicao,o
96333,perfeicao,que
96334,perfeicao,é
96335,perfeicao,maldade
96336,perfeicao,Vamos
96337,perfeicao,machucar
96338,perfeicao,o
96339,perfeicao,coração
96340,perfeicao,Nosso
96341,perfeicao,passado
96342,perfeicao,de
96343,perfeicao,absurdos
96344,perfeicao,gloriosos
96345,perfeicao,Tudo
96346,perfeicao,que
96347,perfeicao,é
96348,perfeicao,gratuito
96349,perfeicao,e
96350,perfeicao,feio
96351,perfeicao,Tudo
96352,perfeicao,o
96353,perfeicao,que
96354,perfeicao,é
96355,perfeicao,normal
96356,perfeicao,Vamos
96357,perfeicao,cantar
96358,perfeicao,juntos
96359,perfeicao,o
96360,perfeicao,hino
96361,perfeicao,nacional
96362,perfeicao,A
96363,perfeicao,lágrima
96364,perfeicao,é
96365,perfeicao,verdadeira
96366,perfeicao,Vamos
96367,perfeicao,celebrar
96368,perfeicao,nossa
96369,perfeicao,saudade
96370,perfeicao,E
96371,perfeicao,comemorar
96372,perfeicao,a
96373,perfeicao,nossa
96374,perfeicao,solidão
96375,perfeicao,A
96376,perfeicao,"intolerância,"
96377,perfeicao,a
96378,perfeicao,incompreensão
96379,perfeicao,Vamos
96380,perfeicao,festejar
96381,perfeicao,a
96382,perfeicao,violência
96383,perfeicao,E
96384,perfeicao,esquecer
96385,perfeicao,a
96386,perfeicao,nossa
96387,perfeicao,gente
96388,perfeicao,Que
96389,perfeicao,trabalhou
96390,perfeicao,honestamente
96391,perfeicao,a
96392,perfeicao,vida
96393,perfeicao,inteira
96394,perfeicao,E
96395,perfeicao,agora
96396,perfeicao,não
96397,perfeicao,tem
96398,perfeicao,mais
96399,perfeicao,direito
96400,perfeicao,a
96401,perfeicao,nada
96402,perfeicao,De
96403,perfeicao,toda
96404,perfeicao,a
96405,perfeicao,nossa
96406,perfeicao,falta
96407,perfeicao,de
96408,perfeicao,bom
96409,perfeicao,senso
96410,perfeicao,Nosso
96411,perfeicao,descaso
96412,perfeicao,por
96413,perfeicao,educação
96414,perfeicao,Vamos
96415,perfeicao,celebrar
96416,perfeicao,o
96417,perfeicao,horror
96418,perfeicao,de
96419,perfeicao,tudo
96420,perfeicao,isto
96421,perfeicao,Com
96422,perfeicao,"festa,"
96423,perfeicao,velório
96424,perfeicao,e
96425,perfeicao,caixão
96426,perfeicao,Está
96427,perfeicao,tudo
96428,perfeicao,morto
96429,perfeicao,e
96430,perfeicao,enterrado
96431,perfeicao,agora
96432,perfeicao,Já
96433,perfeicao,que
96434,perfeicao,também
96435,perfeicao,podemos
96436,perfeicao,celebrar
96437,perfeicao,A
96438,perfeicao,estupidez
96439,perfeicao,de
96440,perfeicao,quem
96441,perfeicao,cantou
96442,perfeicao,essa
96443,perfeicao,canção
96444,perfeicao,Meu
96445,perfeicao,coração
96446,perfeicao,está
96447,perfeicao,com
96448,perfeicao,pressa
96449,perfeicao,Quando
96450,perfeicao,a
96451,perfeicao,esperança
96452,perfeicao,está
96453,perfeicao,dispersa
96454,perfeicao,Só
96455,perfeicao,a
96456,perfeicao,verdade
96457,perfeicao,me
96458,perfeicao,liberta
96459,perfeicao,Chega
96460,perfeicao,de
96461,perfeicao,maldade
96462,perfeicao,e
96463,perfeicao,ilusão
96464,perfeicao,O
96465,perfeicao,amor
96466,perfeicao,tem
96467,perfeicao,sempre
96468,perfeicao,a
96469,perfeicao,porta
96470,perfeicao,aberta
96471,perfeicao,E
96472,perfeicao,vem
96473,perfeicao,chegando
96474,perfeicao,a
96475,perfeicao,primavera
96476,perfeicao,Nosso
96477,perfeicao,futuro
96478,perfeicao,recomeça
96479,perfeicao,Venha
96480,perfeicao,que
96481,perfeicao,o
96482,perfeicao,que
96483,perfeicao,vem
96484,perfeicao,é
96485,perfeicao,perfeição
96486,perfeicao,None
98070,petroleo-do-futuro,O
98071,petroleo-do-futuro,que
98072,petroleo-do-futuro,eu
98073,petroleo-do-futuro,sonhei
98074,petroleo-do-futuro,ontem
98075,petroleo-do-futuro,à
98076,petroleo-do-futuro,"noite,"
98077,petroleo-do-futuro,você
98078,petroleo-do-futuro,ia
98079,petroleo-do-futuro,querer
98080,petroleo-do-futuro,Me
98081,petroleo-do-futuro,dizer
98082,petroleo-do-futuro,tudo
98083,petroleo-do-futuro,sobre
98084,petroleo-do-futuro,o
98085,petroleo-do-futuro,seu
98086,petroleo-do-futuro,sonho
98087,petroleo-do-futuro,também
98088,petroleo-do-futuro,E
98089,petroleo-do-futuro,o
98090,petroleo-do-futuro,que
98091,petroleo-do-futuro,é
98092,petroleo-do-futuro,que
98093,petroleo-do-futuro,eu
98094,petroleo-do-futuro,tenho
98095,petroleo-do-futuro,a
98096,petroleo-do-futuro,ver
98097,petroleo-do-futuro,com
98098,petroleo-do-futuro,isso?
98099,petroleo-do-futuro,O
98100,petroleo-do-futuro,que
98101,petroleo-do-futuro,eu
98102,petroleo-do-futuro,vi
98103,petroleo-do-futuro,ontem
98104,petroleo-do-futuro,à
98105,petroleo-do-futuro,"noite,"
98106,petroleo-do-futuro,você
98107,petroleo-do-futuro,ia
98108,petroleo-do-futuro,querer
98109,petroleo-do-futuro,"Ver,"
98110,petroleo-do-futuro,mas
98111,petroleo-do-futuro,não
98112,petroleo-do-futuro,ia
98113,petroleo-do-futuro,acreditar
98114,petroleo-do-futuro,E
98115,petroleo-do-futuro,o
98116,petroleo-do-futuro,que
98117,petroleo-do-futuro,é
98118,petroleo-do-futuro,que
98119,petroleo-do-futuro,eu
98120,petroleo-do-futuro,tenho
98121,petroleo-do-futuro,a
98122,petroleo-do-futuro,ver
98123,petroleo-do-futuro,com
98124,petroleo-do-futuro,isso?
98125,petroleo-do-futuro,Agricultores
98126,petroleo-do-futuro,famintos
98127,petroleo-do-futuro,Desaparecendo
98128,petroleo-do-futuro,Embaixo
98129,petroleo-do-futuro,dos
98130,petroleo-do-futuro,arquivos
98131,petroleo-do-futuro,Qual
98132,petroleo-do-futuro,é
98133,petroleo-do-futuro,a
98134,petroleo-do-futuro,sua
98135,petroleo-do-futuro,"tribo,"
98136,petroleo-do-futuro,também
98137,petroleo-do-futuro,saberia
98138,petroleo-do-futuro,Qual
98139,petroleo-do-futuro,é
98140,petroleo-do-futuro,a
98141,petroleo-do-futuro,"minha,"
98142,petroleo-do-futuro,mas
98143,petroleo-do-futuro,você
98144,petroleo-do-futuro,também
98145,petroleo-do-futuro,não
98146,petroleo-do-futuro,sabe
98147,petroleo-do-futuro,E
98148,petroleo-do-futuro,o
98149,petroleo-do-futuro,que
98150,petroleo-do-futuro,é
98151,petroleo-do-futuro,que
98152,petroleo-do-futuro,eu
98153,petroleo-do-futuro,tenho
98154,petroleo-do-futuro,a
98155,petroleo-do-futuro,ver
98156,petroleo-do-futuro,com
98157,petroleo-do-futuro,isso?
98158,petroleo-do-futuro,O
98159,petroleo-do-futuro,que
98160,petroleo-do-futuro,fazer
98161,petroleo-do-futuro,pra
98162,petroleo-do-futuro,todo
98163,petroleo-do-futuro,mundo
98164,petroleo-do-futuro,ficar
98165,petroleo-do-futuro,junto
98166,petroleo-do-futuro,Todo
98167,petroleo-do-futuro,mundo
98168,petroleo-do-futuro,já
98169,petroleo-do-futuro,estava
98170,petroleo-do-futuro,há
98171,petroleo-do-futuro,muito
98172,petroleo-do-futuro,tempo
98173,petroleo-do-futuro,E
98174,petroleo-do-futuro,o
98175,petroleo-do-futuro,que
98176,petroleo-do-futuro,é
98177,petroleo-do-futuro,que
98178,petroleo-do-futuro,eu
98179,petroleo-do-futuro,tenho
98180,petroleo-do-futuro,a
98181,petroleo-do-futuro,ver
98182,petroleo-do-futuro,com
98183,petroleo-do-futuro,isso?
98184,petroleo-do-futuro,Vivendo
98185,petroleo-do-futuro,em
98186,petroleo-do-futuro,separado
98187,petroleo-do-futuro,Contando
98188,petroleo-do-futuro,os
98189,petroleo-do-futuro,vencidos
98190,petroleo-do-futuro,De
98191,petroleo-do-futuro,todos
98192,petroleo-do-futuro,os
98193,petroleo-do-futuro,lados
98194,petroleo-do-futuro,O
98195,petroleo-do-futuro,que
98196,petroleo-do-futuro,fazer
98197,petroleo-do-futuro,pra
98198,petroleo-do-futuro,todo
98199,petroleo-do-futuro,mundo
98200,petroleo-do-futuro,ficar
98201,petroleo-do-futuro,junto
98202,petroleo-do-futuro,Todo
98203,petroleo-do-futuro,mundo
98204,petroleo-do-futuro,já
98205,petroleo-do-futuro,estava
98206,petroleo-do-futuro,há
98207,petroleo-do-futuro,muito
98208,petroleo-do-futuro,tempo
98209,petroleo-do-futuro,E
98210,petroleo-do-futuro,o
98211,petroleo-do-futuro,que
98212,petroleo-do-futuro,é
98213,petroleo-do-futuro,que
98214,petroleo-do-futuro,eu
98215,petroleo-do-futuro,tenho
98216,petroleo-do-futuro,a
98217,petroleo-do-futuro,ver
98218,petroleo-do-futuro,com
98219,petroleo-do-futuro,isso?
98220,petroleo-do-futuro,Agricultores
98221,petroleo-do-futuro,famintos
98222,petroleo-do-futuro,Desaparecendo
98223,petroleo-do-futuro,Embaixo
98224,petroleo-do-futuro,dos
98225,petroleo-do-futuro,arquivos
98226,petroleo-do-futuro,None
99004,plantas-embaixo-do-aquario,E
99005,plantas-embaixo-do-aquario,provoque
99006,plantas-embaixo-do-aquario,o
99007,plantas-embaixo-do-aquario,desempate
99008,plantas-embaixo-do-aquario,Desarme
99009,plantas-embaixo-do-aquario,a
99010,plantas-embaixo-do-aquario,armadilha
99011,plantas-embaixo-do-aquario,E
99012,plantas-embaixo-do-aquario,desmonte
99013,plantas-embaixo-do-aquario,o
99014,plantas-embaixo-do-aquario,disfarce
99015,plantas-embaixo-do-aquario,Se
99016,plantas-embaixo-do-aquario,afaste
99017,plantas-embaixo-do-aquario,do
99018,plantas-embaixo-do-aquario,abismo
99019,plantas-embaixo-do-aquario,Faça
99020,plantas-embaixo-do-aquario,do
99021,plantas-embaixo-do-aquario,bom-senso
99022,plantas-embaixo-do-aquario,a
99023,plantas-embaixo-do-aquario,nova
99024,plantas-embaixo-do-aquario,ordem
99025,plantas-embaixo-do-aquario,Não
99026,plantas-embaixo-do-aquario,deixe
99027,plantas-embaixo-do-aquario,a
99028,plantas-embaixo-do-aquario,guerra
99029,plantas-embaixo-do-aquario,começar
99030,plantas-embaixo-do-aquario,Não
99031,plantas-embaixo-do-aquario,deixe
99032,plantas-embaixo-do-aquario,a
99033,plantas-embaixo-do-aquario,guerra
99034,plantas-embaixo-do-aquario,começar
99035,plantas-embaixo-do-aquario,Não
99036,plantas-embaixo-do-aquario,deixe
99037,plantas-embaixo-do-aquario,a
99038,plantas-embaixo-do-aquario,guerra
99039,plantas-embaixo-do-aquario,começar
99040,plantas-embaixo-do-aquario,Não
99041,plantas-embaixo-do-aquario,deixe
99042,plantas-embaixo-do-aquario,a
99043,plantas-embaixo-do-aquario,guerra
99044,plantas-embaixo-do-aquario,começar
99045,plantas-embaixo-do-aquario,Não
99046,plantas-embaixo-do-aquario,deixe
99047,plantas-embaixo-do-aquario,a
99048,plantas-embaixo-do-aquario,guerra
99049,plantas-embaixo-do-aquario,começar
99050,plantas-embaixo-do-aquario,Não
99051,plantas-embaixo-do-aquario,deixe
99052,plantas-embaixo-do-aquario,a
99053,plantas-embaixo-do-aquario,guerra
99054,plantas-embaixo-do-aquario,começar
99055,plantas-embaixo-do-aquario,Não
99056,plantas-embaixo-do-aquario,deixe
99057,plantas-embaixo-do-aquario,a
99058,plantas-embaixo-do-aquario,guerra
99059,plantas-embaixo-do-aquario,começar
99060,plantas-embaixo-do-aquario,Não
99061,plantas-embaixo-do-aquario,deixe
99062,plantas-embaixo-do-aquario,a
99063,plantas-embaixo-do-aquario,guerra
99064,plantas-embaixo-do-aquario,começar
99065,plantas-embaixo-do-aquario,Não
99066,plantas-embaixo-do-aquario,deixe
99067,plantas-embaixo-do-aquario,a
99068,plantas-embaixo-do-aquario,guerra
99069,plantas-embaixo-do-aquario,começar
99070,plantas-embaixo-do-aquario,Não
99071,plantas-embaixo-do-aquario,há
99072,plantas-embaixo-do-aquario,nada
99073,plantas-embaixo-do-aquario,de
99074,plantas-embaixo-do-aquario,novo
99075,plantas-embaixo-do-aquario,Você
99076,plantas-embaixo-do-aquario,vive
99077,plantas-embaixo-do-aquario,insatisfeito
99078,plantas-embaixo-do-aquario,E
99079,plantas-embaixo-do-aquario,não
99080,plantas-embaixo-do-aquario,confia
99081,plantas-embaixo-do-aquario,em
99082,plantas-embaixo-do-aquario,ninguém
99083,plantas-embaixo-do-aquario,E
99084,plantas-embaixo-do-aquario,não
99085,plantas-embaixo-do-aquario,acredita
99086,plantas-embaixo-do-aquario,em
99087,plantas-embaixo-do-aquario,nada
99088,plantas-embaixo-do-aquario,E
99089,plantas-embaixo-do-aquario,agora
99090,plantas-embaixo-do-aquario,é
99091,plantas-embaixo-do-aquario,só
99092,plantas-embaixo-do-aquario,cansaço
99093,plantas-embaixo-do-aquario,E
99094,plantas-embaixo-do-aquario,falta
99095,plantas-embaixo-do-aquario,de
99096,plantas-embaixo-do-aquario,vontade
99097,plantas-embaixo-do-aquario,Mas
99098,plantas-embaixo-do-aquario,faça
99099,plantas-embaixo-do-aquario,do
99100,plantas-embaixo-do-aquario,bom-senso
99101,plantas-embaixo-do-aquario,a
99102,plantas-embaixo-do-aquario,nova
99103,plantas-embaixo-do-aquario,ordem
99104,plantas-embaixo-do-aquario,Não
99105,plantas-embaixo-do-aquario,deixe
99106,plantas-embaixo-do-aquario,a
99107,plantas-embaixo-do-aquario,guerra
99108,plantas-embaixo-do-aquario,começar
99109,plantas-embaixo-do-aquario,Não
99110,plantas-embaixo-do-aquario,deixe
99111,plantas-embaixo-do-aquario,a
99112,plantas-embaixo-do-aquario,guerra
99113,plantas-embaixo-do-aquario,começar
99114,plantas-embaixo-do-aquario,Não
99115,plantas-embaixo-do-aquario,deixe
99116,plantas-embaixo-do-aquario,a
99117,plantas-embaixo-do-aquario,guerra
99118,plantas-embaixo-do-aquario,começar
99119,plantas-embaixo-do-aquario,None
99938,por-enquanto,E
99939,por-enquanto,nada
99940,por-enquanto,mudou
99941,por-enquanto,Mas
99942,por-enquanto,eu
99943,por-enquanto,sei
99944,por-enquanto,que
99945,por-enquanto,alguma
99946,por-enquanto,coisa
99947,por-enquanto,aconteceu
99948,por-enquanto,Está
99949,por-enquanto,tudo
99950,por-enquanto,assim
99951,por-enquanto,tão
99952,por-enquanto,diferente
99953,por-enquanto,Chegou
99954,por-enquanto,um
99955,por-enquanto,dia
99956,por-enquanto,a
99957,por-enquanto,acreditar
99958,por-enquanto,Que
99959,por-enquanto,tudo
99960,por-enquanto,era
99961,por-enquanto,pra
99962,por-enquanto,sempre
99963,por-enquanto,Sem
99964,por-enquanto,saber
99965,por-enquanto,Que
99966,por-enquanto,o
99967,por-enquanto,pra
99968,por-enquanto,sempre
99969,por-enquanto,sempre
99970,por-enquanto,acaba
99971,por-enquanto,O
99972,por-enquanto,que
99973,por-enquanto,ficou
99974,por-enquanto,Quando
99975,por-enquanto,penso
99976,por-enquanto,em
99977,por-enquanto,"alguém,"
99978,por-enquanto,só
99979,por-enquanto,penso
99980,por-enquanto,em
99981,por-enquanto,você
99982,por-enquanto,E
99983,por-enquanto,aí
99984,por-enquanto,então
99985,por-enquanto,estamos
99986,por-enquanto,bem
99987,por-enquanto,Pra
99988,por-enquanto,deixar
99989,por-enquanto,tudo
99990,por-enquanto,como
99991,por-enquanto,está
99992,por-enquanto,E
99993,por-enquanto,nem
99994,por-enquanto,"desistir,"
99995,por-enquanto,nem
99996,por-enquanto,tentar
99997,por-enquanto,Agora
99998,por-enquanto,tanto
99999,por-enquanto,faz
100000,por-enquanto,Estamos
100001,por-enquanto,indo
100002,por-enquanto,de
100003,por-enquanto,volta
100004,por-enquanto,pra
100005,por-enquanto,casa
100006,por-enquanto,None
101806,quando-voce-voltar,Não
101807,quando-voce-voltar,quero
101808,quando-voce-voltar,mais
101809,quando-voce-voltar,brigar
101810,quando-voce-voltar,esta
101811,quando-voce-voltar,noite
101812,quando-voce-voltar,Nossas
101813,quando-voce-voltar,acusações
101814,quando-voce-voltar,infantis
101815,quando-voce-voltar,E
101816,quando-voce-voltar,palavras
101817,quando-voce-voltar,mordazes
101818,quando-voce-voltar,que
101819,quando-voce-voltar,machucam
101820,quando-voce-voltar,tanto
101821,quando-voce-voltar,Não
101822,quando-voce-voltar,vão
101823,quando-voce-voltar,levar
101824,quando-voce-voltar,a
101825,quando-voce-voltar,"nada,"
101826,quando-voce-voltar,como
101827,quando-voce-voltar,sempre
101828,quando-voce-voltar,"Vai,"
101829,quando-voce-voltar,clareia
101830,quando-voce-voltar,um
101831,quando-voce-voltar,pouco
101832,quando-voce-voltar,a
101833,quando-voce-voltar,cabeça
101834,quando-voce-voltar,Já
101835,quando-voce-voltar,que
101836,quando-voce-voltar,você
101837,quando-voce-voltar,não
101838,quando-voce-voltar,quer
101839,quando-voce-voltar,conversar.
101840,quando-voce-voltar,Já
101841,quando-voce-voltar,brigamos
101842,quando-voce-voltar,tanto
101843,quando-voce-voltar,Mas
101844,quando-voce-voltar,não
101845,quando-voce-voltar,vale
101846,quando-voce-voltar,a
101847,quando-voce-voltar,pena
101848,quando-voce-voltar,Vou
101849,quando-voce-voltar,ficar
101850,quando-voce-voltar,"aqui,"
101851,quando-voce-voltar,com
101852,quando-voce-voltar,um
101853,quando-voce-voltar,bom
101854,quando-voce-voltar,livro
101855,quando-voce-voltar,ou
101856,quando-voce-voltar,com
101857,quando-voce-voltar,a
101858,quando-voce-voltar,TV
101859,quando-voce-voltar,Sei
101860,quando-voce-voltar,que
101861,quando-voce-voltar,existe
101862,quando-voce-voltar,alguma
101863,quando-voce-voltar,coisa
101864,quando-voce-voltar,incomodando
101865,quando-voce-voltar,você
101866,quando-voce-voltar,Meu
101867,quando-voce-voltar,"amor,"
101868,quando-voce-voltar,cuidado
101869,quando-voce-voltar,na
101870,quando-voce-voltar,estrada
101871,quando-voce-voltar,E
101872,quando-voce-voltar,quando
101873,quando-voce-voltar,você
101874,quando-voce-voltar,voltar
101875,quando-voce-voltar,Tranque
101876,quando-voce-voltar,o
101877,quando-voce-voltar,portão
101878,quando-voce-voltar,Feche
101879,quando-voce-voltar,as
101880,quando-voce-voltar,janelas
101881,quando-voce-voltar,Apague
101882,quando-voce-voltar,a
101883,quando-voce-voltar,luz
101884,quando-voce-voltar,e
101885,quando-voce-voltar,saiba
101886,quando-voce-voltar,que
101887,quando-voce-voltar,te
101888,quando-voce-voltar,amo...
101889,quando-voce-voltar,None
102740,quando-sol-bater-na-janela-do-seu-quarto,Na
102741,quando-sol-bater-na-janela-do-seu-quarto,janela
102742,quando-sol-bater-na-janela-do-seu-quarto,do
102743,quando-sol-bater-na-janela-do-seu-quarto,teu
102744,quando-sol-bater-na-janela-do-seu-quarto,quarto
102745,quando-sol-bater-na-janela-do-seu-quarto,Lembra
102746,quando-sol-bater-na-janela-do-seu-quarto,e
102747,quando-sol-bater-na-janela-do-seu-quarto,vê
102748,quando-sol-bater-na-janela-do-seu-quarto,Que
102749,quando-sol-bater-na-janela-do-seu-quarto,o
102750,quando-sol-bater-na-janela-do-seu-quarto,caminho
102751,quando-sol-bater-na-janela-do-seu-quarto,é
102752,quando-sol-bater-na-janela-do-seu-quarto,um
102753,quando-sol-bater-na-janela-do-seu-quarto,só
102754,quando-sol-bater-na-janela-do-seu-quarto,Se
102755,quando-sol-bater-na-janela-do-seu-quarto,podemos
102756,quando-sol-bater-na-janela-do-seu-quarto,começar
102757,quando-sol-bater-na-janela-do-seu-quarto,Tudo
102758,quando-sol-bater-na-janela-do-seu-quarto,de
102759,quando-sol-bater-na-janela-do-seu-quarto,novo
102760,quando-sol-bater-na-janela-do-seu-quarto,Agora
102761,quando-sol-bater-na-janela-do-seu-quarto,mesmo
102762,quando-sol-bater-na-janela-do-seu-quarto,Mas
102763,quando-sol-bater-na-janela-do-seu-quarto,ainda
102764,quando-sol-bater-na-janela-do-seu-quarto,temos
102765,quando-sol-bater-na-janela-do-seu-quarto,chance
102766,quando-sol-bater-na-janela-do-seu-quarto,O
102767,quando-sol-bater-na-janela-do-seu-quarto,Sol
102768,quando-sol-bater-na-janela-do-seu-quarto,nasce
102769,quando-sol-bater-na-janela-do-seu-quarto,pra
102770,quando-sol-bater-na-janela-do-seu-quarto,todos
102771,quando-sol-bater-na-janela-do-seu-quarto,Só
102772,quando-sol-bater-na-janela-do-seu-quarto,não
102773,quando-sol-bater-na-janela-do-seu-quarto,sabe
102774,quando-sol-bater-na-janela-do-seu-quarto,quem
102775,quando-sol-bater-na-janela-do-seu-quarto,não
102776,quando-sol-bater-na-janela-do-seu-quarto,quer
102777,quando-sol-bater-na-janela-do-seu-quarto,Na
102778,quando-sol-bater-na-janela-do-seu-quarto,janela
102779,quando-sol-bater-na-janela-do-seu-quarto,do
102780,quando-sol-bater-na-janela-do-seu-quarto,teu
102781,quando-sol-bater-na-janela-do-seu-quarto,quarto
102782,quando-sol-bater-na-janela-do-seu-quarto,Lembra
102783,quando-sol-bater-na-janela-do-seu-quarto,e
102784,quando-sol-bater-na-janela-do-seu-quarto,vê
102785,quando-sol-bater-na-janela-do-seu-quarto,Que
102786,quando-sol-bater-na-janela-do-seu-quarto,o
102787,quando-sol-bater-na-janela-do-seu-quarto,caminho
102788,quando-sol-bater-na-janela-do-seu-quarto,é
102789,quando-sol-bater-na-janela-do-seu-quarto,um
102790,quando-sol-bater-na-janela-do-seu-quarto,só
102791,quando-sol-bater-na-janela-do-seu-quarto,Poderíamos
102792,quando-sol-bater-na-janela-do-seu-quarto,mudar
102793,quando-sol-bater-na-janela-do-seu-quarto,o
102794,quando-sol-bater-na-janela-do-seu-quarto,mundo
102795,quando-sol-bater-na-janela-do-seu-quarto,Quem
102796,quando-sol-bater-na-janela-do-seu-quarto,roubou
102797,quando-sol-bater-na-janela-do-seu-quarto,nossa
102798,quando-sol-bater-na-janela-do-seu-quarto,coragem?
102799,quando-sol-bater-na-janela-do-seu-quarto,E
102800,quando-sol-bater-na-janela-do-seu-quarto,toda
102801,quando-sol-bater-na-janela-do-seu-quarto,dor
102802,quando-sol-bater-na-janela-do-seu-quarto,vem
102803,quando-sol-bater-na-janela-do-seu-quarto,do
102804,quando-sol-bater-na-janela-do-seu-quarto,desejo
102805,quando-sol-bater-na-janela-do-seu-quarto,De
102806,quando-sol-bater-na-janela-do-seu-quarto,não
102807,quando-sol-bater-na-janela-do-seu-quarto,sentirmos
102808,quando-sol-bater-na-janela-do-seu-quarto,dor
102809,quando-sol-bater-na-janela-do-seu-quarto,Na
102810,quando-sol-bater-na-janela-do-seu-quarto,janela
102811,quando-sol-bater-na-janela-do-seu-quarto,do
102812,quando-sol-bater-na-janela-do-seu-quarto,teu
102813,quando-sol-bater-na-janela-do-seu-quarto,quarto
102814,quando-sol-bater-na-janela-do-seu-quarto,Lembra
102815,quando-sol-bater-na-janela-do-seu-quarto,e
102816,quando-sol-bater-na-janela-do-seu-quarto,vê
102817,quando-sol-bater-na-janela-do-seu-quarto,Que
102818,quando-sol-bater-na-janela-do-seu-quarto,o
102819,quando-sol-bater-na-janela-do-seu-quarto,caminho
102820,quando-sol-bater-na-janela-do-seu-quarto,é
102821,quando-sol-bater-na-janela-do-seu-quarto,um
102822,quando-sol-bater-na-janela-do-seu-quarto,só
102823,quando-sol-bater-na-janela-do-seu-quarto,None
104608,quimica,Papai
104609,quimica,já
104610,quimica,"disse,"
104611,quimica,tenho
104612,quimica,que
104613,quimica,passar
104614,quimica,Nem
104615,quimica,música
104616,quimica,eu
104617,quimica,não
104618,quimica,posso
104619,quimica,mais
104620,quimica,ouvir
104621,quimica,E
104622,quimica,assim
104623,quimica,não
104624,quimica,posso
104625,quimica,nem
104626,quimica,me
104627,quimica,concentrar
104628,quimica,Literatura
104629,quimica,ou
104630,quimica,Gramática
104631,quimica,Só
104632,quimica,gosto
104633,quimica,de
104634,quimica,Educação
104635,quimica,Sexual
104636,quimica,E
104637,quimica,eu
104638,quimica,odeio
104639,quimica,Química
104640,quimica,O
104641,quimica,tempo
104642,quimica,inteiro
104643,quimica,eu
104644,quimica,tenho
104645,quimica,que
104646,quimica,estudar
104647,quimica,Fico
104648,quimica,só
104649,quimica,pensando
104650,quimica,se
104651,quimica,vou
104652,quimica,conseguir
104653,quimica,Passar
104654,quimica,na
104655,quimica,porra
104656,quimica,do
104657,quimica,vestibular
104658,quimica,Literatura
104659,quimica,ou
104660,quimica,Gramática
104661,quimica,Só
104662,quimica,gosto
104663,quimica,de
104664,quimica,Educação
104665,quimica,Sexual
104666,quimica,E
104667,quimica,eu
104668,quimica,odeio
104669,quimica,Química
104670,quimica,Química
104671,quimica,Química
104672,quimica,Chegou
104673,quimica,a
104674,quimica,vez
104675,quimica,do
104676,quimica,nosso
104677,quimica,ritual
104678,quimica,E
104679,quimica,se
104680,quimica,você
104681,quimica,quiser
104682,quimica,entrar
104683,quimica,na
104684,quimica,tribo
104685,quimica,Aqui
104686,quimica,no
104687,quimica,nosso
104688,quimica,Belsen
104689,quimica,tropical
104690,quimica,TV
104691,quimica,a
104692,quimica,cores
104693,quimica,Pagar
104694,quimica,imposto
104695,quimica,Ter
104696,quimica,pistolão
104697,quimica,Férias
104698,quimica,na
104699,quimica,Europa
104700,quimica,Conta
104701,quimica,bancária
104702,quimica,Comprar
104703,quimica,feijão
104704,quimica,Cristão
104705,quimica,convicto
104706,quimica,Cidadão
104707,quimica,modelo
104708,quimica,Burguês
104709,quimica,padrão
104710,quimica,Você
104711,quimica,tem
104712,quimica,que
104713,quimica,passar
104714,quimica,no
104715,quimica,vestibular
104716,quimica,Você
104717,quimica,tem
104718,quimica,que
104719,quimica,passar
104720,quimica,no
104721,quimica,vestibular
104722,quimica,Você
104723,quimica,tem
104724,quimica,que
104725,quimica,passar
104726,quimica,no
104727,quimica,vestibular
104728,quimica,Literatura
104729,quimica,ou
104730,quimica,Gramática
104731,quimica,Só
104732,quimica,gosto
104733,quimica,de
104734,quimica,Educação
104735,quimica,Sexual
104736,quimica,E
104737,quimica,eu
104738,quimica,odeio
104739,quimica,Química
104740,quimica,Química
104741,quimica,Química
104742,quimica,Literatura
104743,quimica,ou
104744,quimica,Gramática
104745,quimica,Só
104746,quimica,gosto
104747,quimica,de
104748,quimica,Educação
104749,quimica,Sexual
104750,quimica,E
104751,quimica,eu
104752,quimica,odeio
104753,quimica,Química
104754,quimica,Química
104755,quimica,Química
104756,quimica,None
105542,riding-song,Eu
105543,riding-song,escrevo
105544,riding-song,as
105545,riding-song,"letras,"
105546,riding-song,eu
105547,riding-song,canto
105548,riding-song,Nasci
105549,riding-song,no
105550,riding-song,dia
105551,riding-song,27
105552,riding-song,de
105553,riding-song,"março,"
105554,riding-song,eu
105555,riding-song,tenho
105556,riding-song,23
105557,riding-song,anos
105558,riding-song,E
105559,riding-song,sou
105560,riding-song,Áries
105561,riding-song,e
105562,riding-song,ascendente
105563,riding-song,em
105564,riding-song,Peixes
105565,riding-song,Eu
105566,riding-song,trabalhava
105567,riding-song,com
105568,riding-song,"Jornalismo,"
105569,riding-song,"rádio,"
105570,riding-song,era
105571,riding-song,professor
105572,riding-song,de
105573,riding-song,Inglês
105574,riding-song,também
105575,riding-song,E
105576,riding-song,...
105577,riding-song,comecei
105578,riding-song,a
105579,riding-song,trabalhar
105580,riding-song,com
105581,riding-song,17
105582,riding-song,anos
105583,riding-song,e
105584,riding-song,tudo
105585,riding-song,Mas
105586,riding-song,só
105587,riding-song,que
105588,riding-song,de
105589,riding-song,repente
105590,riding-song,tocar
105591,riding-song,Rock
105592,riding-song,era
105593,riding-song,uma
105594,riding-song,coisa
105595,riding-song,que
105596,riding-song,eu
105597,riding-song,gostava
105598,riding-song,mais
105599,riding-song,de
105600,riding-song,fazer
105601,riding-song,E
105602,riding-song,como
105603,riding-song,deu
105604,riding-song,certo
105605,riding-song,eu
105606,riding-song,continuo
105607,riding-song,fazendo
105608,riding-song,isso
105609,riding-song,até
105610,riding-song,"hoje"""
105611,riding-song,"""Meu"
105612,riding-song,nome
105613,riding-song,é
105614,riding-song,Dado
105615,riding-song,Villa-Lobos
105616,riding-song,Sou
105617,riding-song,guitarrista
105618,riding-song,da
105619,riding-song,Legião
105620,riding-song,Urbana
105621,riding-song,Nasci
105622,riding-song,dia
105623,riding-song,29
105624,riding-song,de
105625,riding-song,Junho
105626,riding-song,de
105627,riding-song,"65,"
105628,riding-song,tenho
105629,riding-song,21
105630,riding-song,anos
105631,riding-song,Cheguei
105632,riding-song,em
105633,riding-song,Brasília
105634,riding-song,em
105635,riding-song,torno
105636,riding-song,de
105637,riding-song,79
105638,riding-song,Cursei
105639,riding-song,meu
105640,riding-song,segundo
105641,riding-song,"grau,"
105642,riding-song,consegui
105643,riding-song,entrar
105644,riding-song,na
105645,riding-song,faculdade
105646,riding-song,de
105647,riding-song,Sociologia
105648,riding-song,Só
105649,riding-song,que
105650,riding-song,não
105651,riding-song,era
105652,riding-song,exatamente
105653,riding-song,o
105654,riding-song,lance
105655,riding-song,que
105656,riding-song,eu
105657,riding-song,tava
105658,riding-song,a
105659,riding-song,fim
105660,riding-song,de
105661,riding-song,fazer
105662,riding-song,Muito
105663,riding-song,"teórico,"
105664,riding-song,não
105665,riding-song,tem
105666,riding-song,nada
105667,riding-song,de
105668,riding-song,praticidade
105669,riding-song,Aí
105670,riding-song,meu
105671,riding-song,lance
105672,riding-song,era
105673,riding-song,de
105674,riding-song,repente
105675,riding-song,fazer
105676,riding-song,"música"""
105677,riding-song,"""Eu"
105678,riding-song,sou
105679,riding-song,o
105680,riding-song,Renato
105681,riding-song,Rocha
105682,riding-song,Baixista
105683,riding-song,do
105684,riding-song,Legião
105685,riding-song,Urbana
105686,riding-song,Tenho
105687,riding-song,25
105688,riding-song,"anos,"
105689,riding-song,adoro
105690,riding-song,"esportes,"
105691,riding-song,adoro
105692,riding-song,corrida
105693,riding-song,de
105694,riding-song,automóvel
105695,riding-song,Sou
105696,riding-song,de
105697,riding-song,Brasília
105698,riding-song,"também,"
105699,riding-song,adoro
105700,riding-song,"música,"
105701,riding-song,"Jazz,"
105702,riding-song,Rock
105703,riding-song,Adoro
105704,riding-song,Dead
105705,riding-song,Kennedys
105706,riding-song,Cursei
105707,riding-song,metade
105708,riding-song,do
105709,riding-song,meu
105710,riding-song,segundo
105711,riding-song,grau
105712,riding-song,Parei
105713,riding-song,de
105714,riding-song,"estudar,"
105715,riding-song,por
105716,riding-song,que
105717,riding-song,eu
105718,riding-song,gostava
105719,riding-song,de
105720,riding-song,fazer
105721,riding-song,"esportes"""
105722,riding-song,"""Oi,"
105723,riding-song,meu
105724,riding-song,nome
105725,riding-song,é
105726,riding-song,Marcelo
105727,riding-song,Bonfá
105728,riding-song,Nasci
105729,riding-song,em
105730,riding-song,"65,"
105731,riding-song,sou
105732,riding-song,do
105733,riding-song,signo
105734,riding-song,de
105735,riding-song,Aquários
105736,riding-song,Gosto
105737,riding-song,de
105738,riding-song,esportes
105739,riding-song,"aquáticos,"
105740,riding-song,gosto
105741,riding-song,de
105742,riding-song,desenhar
105743,riding-song,E
105744,riding-song,gosto
105745,riding-song,de
105746,riding-song,música
105747,riding-song,Saí
105748,riding-song,da
105749,riding-song,escola
105750,riding-song,depois
105751,riding-song,que
105752,riding-song,eu
105753,riding-song,terminei
105754,riding-song,meu
105755,riding-song,segundo
105756,riding-song,grau
105757,riding-song,Agora
105758,riding-song,eu
105759,riding-song,toco
105760,riding-song,bateria
105761,riding-song,na
105762,riding-song,Legião
105763,riding-song,"Urbana"""
105764,riding-song,Eu
105765,riding-song,já
105766,riding-song,sei
105767,riding-song,o
105768,riding-song,que
105769,riding-song,eu
105770,riding-song,vou
105771,riding-song,ser
105772,riding-song,Ser
105773,riding-song,quando
105774,riding-song,eu
105775,riding-song,crescer
105776,riding-song,(9x)
105777,riding-song,None
106476,rise,I
106477,rise,held
106478,rise,my
106479,rise,breath
106480,rise,with
106481,rise,my
106482,rise,eyes
106483,rise,closed
106484,rise,I
106485,rise,went
106486,rise,insane
106487,rise,Like
106488,rise,a
106489,rise,smoke
106490,rise,ring
106491,rise,day
106492,rise,When
106493,rise,the
106494,rise,wind
106495,rise,blows
106496,rise,Now
106497,rise,I
106498,rise,won't
106499,rise,be
106500,rise,back
106501,rise,till
106502,rise,later
106503,rise,on
106504,rise,If
106505,rise,I
106506,rise,do
106507,rise,come
106508,rise,back
106509,rise,at
106510,rise,all
106511,rise,Because
106512,rise,you
106513,rise,know
106514,rise,"me,"
106515,rise,and
106516,rise,I
106517,rise,miss
106518,rise,you
106519,rise,now
106520,rise,In
106521,rise,a
106522,rise,strange
106523,rise,game
106524,rise,I
106525,rise,saw
106526,rise,myself
106527,rise,as
106528,rise,you
106529,rise,knew
106530,rise,me
106531,rise,When
106532,rise,the
106533,rise,change
106534,rise,came
106535,rise,And
106536,rise,you
106537,rise,had
106538,rise,the
106539,rise,Chance
106540,rise,to
106541,rise,see
106542,rise,through
106543,rise,me
106544,rise,Though
106545,rise,the
106546,rise,other
106547,rise,side
106548,rise,is
106549,rise,just
106550,rise,the
106551,rise,same
106552,rise,You
106553,rise,can
106554,rise,tell
106555,rise,my
106556,rise,dream
106557,rise,is
106558,rise,real
106559,rise,And
106560,rise,I
106561,rise,love
106562,rise,you
106563,rise,and
106564,rise,I
106565,rise,miss
106566,rise,you
106567,rise,now
106568,rise,Though
106569,rise,we
106570,rise,rush
106571,rise,ahead
106572,rise,to
106573,rise,save
106574,rise,our
106575,rise,time
106576,rise,We
106577,rise,are
106578,rise,only
106579,rise,what
106580,rise,we
106581,rise,feel
106582,rise,And
106583,rise,I
106584,rise,love
106585,rise,"you,"
106586,rise,can
106587,rise,you
106588,rise,feel
106589,rise,it
106590,rise,now?
106591,rise,"Oh,"
106592,rise,yeah
106593,rise,I
106594,rise,could
106595,rise,be
106596,rise,"wrong,"
106597,rise,I
106598,rise,could
106599,rise,be
106600,rise,right
106601,rise,I
106602,rise,could
106603,rise,be
106604,rise,"wrong,"
106605,rise,I
106606,rise,could
106607,rise,be
106608,rise,right
106609,rise,I
106610,rise,could
106611,rise,be
106612,rise,"black,"
106613,rise,I
106614,rise,could
106615,rise,be
106616,rise,white
106617,rise,I
106618,rise,could
106619,rise,be
106620,rise,"right,"
106621,rise,I
106622,rise,could
106623,rise,be
106624,rise,wrong
106625,rise,I
106626,rise,could
106627,rise,be
106628,rise,"white,"
106629,rise,I
106630,rise,could
106631,rise,be
106632,rise,black
106633,rise,The
106634,rise,cost
106635,rise,so
106636,rise,"high,"
106637,rise,the
106638,rise,gain
106639,rise,so
106640,rise,low
106641,rise,Walk
106642,rise,through
106643,rise,the
106644,rise,valley
106645,rise,The
106646,rise,written
106647,rise,word
106648,rise,is
106649,rise,a
106650,rise,lie
106651,rise,May
106652,rise,the
106653,rise,road
106654,rise,rise
106655,rise,with
106656,rise,you
106657,rise,May
106658,rise,the
106659,rise,road
106660,rise,rise
106661,rise,with
106662,rise,you
106663,rise,May
106664,rise,the
106665,rise,road
106666,rise,rise
106667,rise,with
106668,rise,you
106669,rise,May
106670,rise,the
106671,rise,road
106672,rise,rise
106673,rise,with
106674,rise,you
106675,rise,I
106676,rise,could
106677,rise,be
106678,rise,black
106679,rise,I
106680,rise,could
106681,rise,be
106682,rise,white
106683,rise,The
106684,rise,time
106685,rise,has
106686,rise,come
106687,rise,your
106688,rise,second
106689,rise,skin
106690,rise,The
106691,rise,cost
106692,rise,so
106693,rise,"high,"
106694,rise,the
106695,rise,gain
106696,rise,so
106697,rise,low
106698,rise,Walk
106699,rise,through
106700,rise,the
106701,rise,valley
106702,rise,The
106703,rise,written
106704,rise,word
106705,rise,is
106706,rise,a
106707,rise,lie
106708,rise,May
106709,rise,the
106710,rise,road
106711,rise,rise
106712,rise,with
106713,rise,you
106714,rise,May
106715,rise,the
106716,rise,road
106717,rise,rise
106718,rise,with
106719,rise,you
106720,rise,May
106721,rise,the
106722,rise,road
106723,rise,rise
106724,rise,with
106725,rise,you
106726,rise,May
106727,rise,the
106728,rise,road
106729,rise,rise
106730,rise,with
106731,rise,you
106732,rise,Anger
106733,rise,is
106734,rise,an
106735,rise,energy
106736,rise,Anger
106737,rise,is
106738,rise,an
106739,rise,energy
106740,rise,Anger
106741,rise,is
106742,rise,an
106743,rise,energy
106744,rise,None
107410,sagrado-coracao,Mas
107411,sagrado-coracao,é
107412,sagrado-coracao,difícil
107413,sagrado-coracao,de
107414,sagrado-coracao,explicar
107415,sagrado-coracao,De
107416,sagrado-coracao,falar
107417,sagrado-coracao,de
107418,sagrado-coracao,bondade
107419,sagrado-coracao,e
107420,sagrado-coracao,gratidão
107421,sagrado-coracao,E
107422,sagrado-coracao,estas
107423,sagrado-coracao,coisas
107424,sagrado-coracao,que
107425,sagrado-coracao,ninguém
107426,sagrado-coracao,gosta
107427,sagrado-coracao,de
107428,sagrado-coracao,falar
107429,sagrado-coracao,Mas
107430,sagrado-coracao,onde
107431,sagrado-coracao,é
107432,sagrado-coracao,que
107433,sagrado-coracao,está?
107434,sagrado-coracao,Onde
107435,sagrado-coracao,há
107436,sagrado-coracao,virtude
107437,sagrado-coracao,e
107438,sagrado-coracao,inteligência
107439,sagrado-coracao,E
107440,sagrado-coracao,as
107441,sagrado-coracao,pessoas
107442,sagrado-coracao,são
107443,sagrado-coracao,sensíveis
107444,sagrado-coracao,E
107445,sagrado-coracao,que
107446,sagrado-coracao,a
107447,sagrado-coracao,luz
107448,sagrado-coracao,no
107449,sagrado-coracao,coração
107450,sagrado-coracao,é
107451,sagrado-coracao,o
107452,sagrado-coracao,que
107453,sagrado-coracao,pode
107454,sagrado-coracao,me
107455,sagrado-coracao,salvar
107456,sagrado-coracao,Mas
107457,sagrado-coracao,não
107458,sagrado-coracao,acredito
107459,sagrado-coracao,nisso
107460,sagrado-coracao,Tento
107461,sagrado-coracao,mas
107462,sagrado-coracao,é
107463,sagrado-coracao,só
107464,sagrado-coracao,de
107465,sagrado-coracao,vez
107466,sagrado-coracao,em
107467,sagrado-coracao,quando
107468,sagrado-coracao,Onde
107469,sagrado-coracao,está
107470,sagrado-coracao,essa
107471,sagrado-coracao,luz?
107472,sagrado-coracao,Se
107473,sagrado-coracao,o
107474,sagrado-coracao,que
107475,sagrado-coracao,vejo
107476,sagrado-coracao,é
107477,sagrado-coracao,tão
107478,sagrado-coracao,triste
107479,sagrado-coracao,E
107480,sagrado-coracao,o
107481,sagrado-coracao,que
107482,sagrado-coracao,fazemos
107483,sagrado-coracao,tão
107484,sagrado-coracao,errado?
107485,sagrado-coracao,Este
107486,sagrado-coracao,lugar
107487,sagrado-coracao,pode
107488,sagrado-coracao,estar
107489,sagrado-coracao,sempre
107490,sagrado-coracao,ao
107491,sagrado-coracao,seu
107492,sagrado-coracao,lado
107493,sagrado-coracao,E
107494,sagrado-coracao,a
107495,sagrado-coracao,alegria
107496,sagrado-coracao,dentro
107497,sagrado-coracao,de
107498,sagrado-coracao,você
107499,sagrado-coracao,Porque
107500,sagrado-coracao,sua
107501,sagrado-coracao,vida
107502,sagrado-coracao,é
107503,sagrado-coracao,luz
107504,sagrado-coracao,E
107505,sagrado-coracao,a
107506,sagrado-coracao,alegria
107507,sagrado-coracao,no
107508,sagrado-coracao,seu
107509,sagrado-coracao,corpo
107510,sagrado-coracao,E
107511,sagrado-coracao,o
107512,sagrado-coracao,sorriso
107513,sagrado-coracao,nos
107514,sagrado-coracao,seus
107515,sagrado-coracao,lábios
107516,sagrado-coracao,Eu
107517,sagrado-coracao,quase
107518,sagrado-coracao,acreditei
107519,sagrado-coracao,Mas
107520,sagrado-coracao,é
107521,sagrado-coracao,tão
107522,sagrado-coracao,difícil
107523,sagrado-coracao,Pense
107524,sagrado-coracao,em
107525,sagrado-coracao,"mim,"
107526,sagrado-coracao,ore
107527,sagrado-coracao,por
107528,sagrado-coracao,mim
107529,sagrado-coracao,E
107530,sagrado-coracao,me
107531,sagrado-coracao,diga:
107532,sagrado-coracao,-
107533,sagrado-coracao,Este
107534,sagrado-coracao,lugar
107535,sagrado-coracao,distante
107536,sagrado-coracao,está
107537,sagrado-coracao,dentro
107538,sagrado-coracao,de
107539,sagrado-coracao,você
107540,sagrado-coracao,E
107541,sagrado-coracao,me
107542,sagrado-coracao,diga
107543,sagrado-coracao,que
107544,sagrado-coracao,nossa
107545,sagrado-coracao,vida
107546,sagrado-coracao,é
107547,sagrado-coracao,luz
107548,sagrado-coracao,Me
107549,sagrado-coracao,fale
107550,sagrado-coracao,do
107551,sagrado-coracao,sagrado
107552,sagrado-coracao,coração
107553,sagrado-coracao,Porque
107554,sagrado-coracao,eu
107555,sagrado-coracao,preciso
107556,sagrado-coracao,de
107557,sagrado-coracao,ajuda
107558,sagrado-coracao,None
108344,shubert-landier,None
109278,se-fiquei-esperando-meu-amor-passar,Já
109279,se-fiquei-esperando-meu-amor-passar,me
109280,se-fiquei-esperando-meu-amor-passar,basta
109281,se-fiquei-esperando-meu-amor-passar,que
109282,se-fiquei-esperando-meu-amor-passar,então
109283,se-fiquei-esperando-meu-amor-passar,Eu
109284,se-fiquei-esperando-meu-amor-passar,não
109285,se-fiquei-esperando-meu-amor-passar,sabia
109286,se-fiquei-esperando-meu-amor-passar,amar
109287,se-fiquei-esperando-meu-amor-passar,E
109288,se-fiquei-esperando-meu-amor-passar,me
109289,se-fiquei-esperando-meu-amor-passar,via
109290,se-fiquei-esperando-meu-amor-passar,perdido
109291,se-fiquei-esperando-meu-amor-passar,e
109292,se-fiquei-esperando-meu-amor-passar,vivendo
109293,se-fiquei-esperando-meu-amor-passar,em
109294,se-fiquei-esperando-meu-amor-passar,erro
109295,se-fiquei-esperando-meu-amor-passar,Sem
109296,se-fiquei-esperando-meu-amor-passar,querer
109297,se-fiquei-esperando-meu-amor-passar,me
109298,se-fiquei-esperando-meu-amor-passar,machucar
109299,se-fiquei-esperando-meu-amor-passar,de
109300,se-fiquei-esperando-meu-amor-passar,novo
109301,se-fiquei-esperando-meu-amor-passar,Por
109302,se-fiquei-esperando-meu-amor-passar,culpa
109303,se-fiquei-esperando-meu-amor-passar,do
109304,se-fiquei-esperando-meu-amor-passar,amor
109305,se-fiquei-esperando-meu-amor-passar,E
109306,se-fiquei-esperando-meu-amor-passar,era
109307,se-fiquei-esperando-meu-amor-passar,simples:
109308,se-fiquei-esperando-meu-amor-passar,Ficamos
109309,se-fiquei-esperando-meu-amor-passar,fortes
109310,se-fiquei-esperando-meu-amor-passar,Quando
109311,se-fiquei-esperando-meu-amor-passar,se
109312,se-fiquei-esperando-meu-amor-passar,aprende
109313,se-fiquei-esperando-meu-amor-passar,a
109314,se-fiquei-esperando-meu-amor-passar,amar
109315,se-fiquei-esperando-meu-amor-passar,O
109316,se-fiquei-esperando-meu-amor-passar,mundo
109317,se-fiquei-esperando-meu-amor-passar,passa
109318,se-fiquei-esperando-meu-amor-passar,a
109319,se-fiquei-esperando-meu-amor-passar,ser
109320,se-fiquei-esperando-meu-amor-passar,seu
109321,se-fiquei-esperando-meu-amor-passar,Quando
109322,se-fiquei-esperando-meu-amor-passar,se
109323,se-fiquei-esperando-meu-amor-passar,aprende
109324,se-fiquei-esperando-meu-amor-passar,a
109325,se-fiquei-esperando-meu-amor-passar,amar
109326,se-fiquei-esperando-meu-amor-passar,O
109327,se-fiquei-esperando-meu-amor-passar,mundo
109328,se-fiquei-esperando-meu-amor-passar,passa
109329,se-fiquei-esperando-meu-amor-passar,a
109330,se-fiquei-esperando-meu-amor-passar,ser
109331,se-fiquei-esperando-meu-amor-passar,seu
109332,se-fiquei-esperando-meu-amor-passar,Quero
109333,se-fiquei-esperando-meu-amor-passar,minha
109334,se-fiquei-esperando-meu-amor-passar,nação
109335,se-fiquei-esperando-meu-amor-passar,soberana
109336,se-fiquei-esperando-meu-amor-passar,Com
109337,se-fiquei-esperando-meu-amor-passar,"espaço,"
109338,se-fiquei-esperando-meu-amor-passar,nobreza
109339,se-fiquei-esperando-meu-amor-passar,e
109340,se-fiquei-esperando-meu-amor-passar,descanso
109341,se-fiquei-esperando-meu-amor-passar,Já
109342,se-fiquei-esperando-meu-amor-passar,me
109343,se-fiquei-esperando-meu-amor-passar,basta
109344,se-fiquei-esperando-meu-amor-passar,que
109345,se-fiquei-esperando-meu-amor-passar,"estava,"
109346,se-fiquei-esperando-meu-amor-passar,"então,"
109347,se-fiquei-esperando-meu-amor-passar,longe
109348,se-fiquei-esperando-meu-amor-passar,de
109349,se-fiquei-esperando-meu-amor-passar,sereno
109350,se-fiquei-esperando-meu-amor-passar,E
109351,se-fiquei-esperando-meu-amor-passar,fiquei
109352,se-fiquei-esperando-meu-amor-passar,tanto
109353,se-fiquei-esperando-meu-amor-passar,tempo
109354,se-fiquei-esperando-meu-amor-passar,duvidando
109355,se-fiquei-esperando-meu-amor-passar,de
109356,se-fiquei-esperando-meu-amor-passar,mim
109357,se-fiquei-esperando-meu-amor-passar,Por
109358,se-fiquei-esperando-meu-amor-passar,fazer
109359,se-fiquei-esperando-meu-amor-passar,"amor,"
109360,se-fiquei-esperando-meu-amor-passar,por
109361,se-fiquei-esperando-meu-amor-passar,fazer
109362,se-fiquei-esperando-meu-amor-passar,sentido
109363,se-fiquei-esperando-meu-amor-passar,Começo
109364,se-fiquei-esperando-meu-amor-passar,a
109365,se-fiquei-esperando-meu-amor-passar,ficar
109366,se-fiquei-esperando-meu-amor-passar,livre
109367,se-fiquei-esperando-meu-amor-passar,"Espero,"
109368,se-fiquei-esperando-meu-amor-passar,acho
109369,se-fiquei-esperando-meu-amor-passar,que
109370,se-fiquei-esperando-meu-amor-passar,sim
109371,se-fiquei-esperando-meu-amor-passar,De
109372,se-fiquei-esperando-meu-amor-passar,olhos
109373,se-fiquei-esperando-meu-amor-passar,"fechados,"
109374,se-fiquei-esperando-meu-amor-passar,não
109375,se-fiquei-esperando-meu-amor-passar,me
109376,se-fiquei-esperando-meu-amor-passar,vejo
109377,se-fiquei-esperando-meu-amor-passar,E
109378,se-fiquei-esperando-meu-amor-passar,você
109379,se-fiquei-esperando-meu-amor-passar,sorriu
109380,se-fiquei-esperando-meu-amor-passar,pra
109381,se-fiquei-esperando-meu-amor-passar,mim
109382,se-fiquei-esperando-meu-amor-passar,Tende
109383,se-fiquei-esperando-meu-amor-passar,piedade
109384,se-fiquei-esperando-meu-amor-passar,de
109385,se-fiquei-esperando-meu-amor-passar,nós
109386,se-fiquei-esperando-meu-amor-passar,Cordeiro
109387,se-fiquei-esperando-meu-amor-passar,de
109388,se-fiquei-esperando-meu-amor-passar,Deus
109389,se-fiquei-esperando-meu-amor-passar,que
109390,se-fiquei-esperando-meu-amor-passar,tirai
109391,se-fiquei-esperando-meu-amor-passar,os
109392,se-fiquei-esperando-meu-amor-passar,pecados
109393,se-fiquei-esperando-meu-amor-passar,do
109394,se-fiquei-esperando-meu-amor-passar,mundo
109395,se-fiquei-esperando-meu-amor-passar,Tende
109396,se-fiquei-esperando-meu-amor-passar,piedade
109397,se-fiquei-esperando-meu-amor-passar,de
109398,se-fiquei-esperando-meu-amor-passar,nós
109399,se-fiquei-esperando-meu-amor-passar,Cordeiro
109400,se-fiquei-esperando-meu-amor-passar,de
109401,se-fiquei-esperando-meu-amor-passar,Deus
109402,se-fiquei-esperando-meu-amor-passar,que
109403,se-fiquei-esperando-meu-amor-passar,tirai
109404,se-fiquei-esperando-meu-amor-passar,os
109405,se-fiquei-esperando-meu-amor-passar,pecados
109406,se-fiquei-esperando-meu-amor-passar,do
109407,se-fiquei-esperando-meu-amor-passar,mundo
109408,se-fiquei-esperando-meu-amor-passar,Dai-nos
109409,se-fiquei-esperando-meu-amor-passar,a
109410,se-fiquei-esperando-meu-amor-passar,paz
109411,se-fiquei-esperando-meu-amor-passar,None
110212,serenissima,Me
110213,serenissima,apego
110214,serenissima,facilmente
110215,serenissima,ao
110216,serenissima,que
110217,serenissima,desperta
110218,serenissima,o
110219,serenissima,meu
110220,serenissima,desejo
110221,serenissima,Tente
110222,serenissima,me
110223,serenissima,obrigar
110224,serenissima,a
110225,serenissima,fazer
110226,serenissima,o
110227,serenissima,que
110228,serenissima,não
110229,serenissima,quero
110230,serenissima,E
110231,serenissima,cê
110232,serenissima,vai
110233,serenissima,logo
110234,serenissima,ver
110235,serenissima,o
110236,serenissima,que
110237,serenissima,acontece
110238,serenissima,Acho
110239,serenissima,que
110240,serenissima,entendo
110241,serenissima,o
110242,serenissima,que
110243,serenissima,você
110244,serenissima,quis
110245,serenissima,me
110246,serenissima,dizer
110247,serenissima,Mas
110248,serenissima,existem
110249,serenissima,outras
110250,serenissima,coisas
110251,serenissima,Tudo
110252,serenissima,está
110253,serenissima,"perdido,"
110254,serenissima,mas
110255,serenissima,existem
110256,serenissima,possibilidades
110257,serenissima,Tínhamos
110258,serenissima,a
110259,serenissima,"ideia,"
110260,serenissima,mas
110261,serenissima,você
110262,serenissima,mudou
110263,serenissima,os
110264,serenissima,planos
110265,serenissima,Tínhamos
110266,serenissima,um
110267,serenissima,"plano,"
110268,serenissima,você
110269,serenissima,mudou
110270,serenissima,de
110271,serenissima,ideia
110272,serenissima,Já
110273,serenissima,"passou,"
110274,serenissima,já
110275,serenissima,passou
110276,serenissima,-
110277,serenissima,quem
110278,serenissima,sabe
110279,serenissima,outro
110280,serenissima,dia
110281,serenissima,Quando
110282,serenissima,foi
110283,serenissima,que
110284,serenissima,competimos
110285,serenissima,pela
110286,serenissima,primeira
110287,serenissima,vez?
110288,serenissima,O
110289,serenissima,que
110290,serenissima,ninguém
110291,serenissima,percebe
110292,serenissima,é
110293,serenissima,o
110294,serenissima,que
110295,serenissima,todo
110296,serenissima,mundo
110297,serenissima,sabe
110298,serenissima,Não
110299,serenissima,entendo
110300,serenissima,"terrorismo,"
110301,serenissima,falávamos
110302,serenissima,de
110303,serenissima,amizade
110304,serenissima,Não
110305,serenissima,acredito
110306,serenissima,em
110307,serenissima,nada
110308,serenissima,além
110309,serenissima,do
110310,serenissima,que
110311,serenissima,duvido
110312,serenissima,Você
110313,serenissima,espera
110314,serenissima,respostas
110315,serenissima,que
110316,serenissima,eu
110317,serenissima,não
110318,serenissima,tenho
110319,serenissima,mas
110320,serenissima,Não
110321,serenissima,vou
110322,serenissima,brigar
110323,serenissima,por
110324,serenissima,causa
110325,serenissima,disso
110326,serenissima,Até
110327,serenissima,penso
110328,serenissima,duas
110329,serenissima,vezes
110330,serenissima,se
110331,serenissima,você
110332,serenissima,quiser
110333,serenissima,ficar
110334,serenissima,Foi
110335,serenissima,da
110336,serenissima,lua
110337,serenissima,dessa
110338,serenissima,"noite,"
110339,serenissima,do
110340,serenissima,sereno
110341,serenissima,da
110342,serenissima,madrugada
110343,serenissima,Tenho
110344,serenissima,um
110345,serenissima,sorriso
110346,serenissima,"bobo,"
110347,serenissima,parecido
110348,serenissima,com
110349,serenissima,soluço
110350,serenissima,Enquanto
110351,serenissima,o
110352,serenissima,caos
110353,serenissima,segue
110354,serenissima,em
110355,serenissima,frente
110356,serenissima,Com
110357,serenissima,toda
110358,serenissima,a
110359,serenissima,calma
110360,serenissima,do
110361,serenissima,mundo
110362,serenissima,None
111146,sete-cidades,Com
111147,sete-cidades,teu
111148,sete-cidades,rosto
111149,sete-cidades,e
111150,sete-cidades,teu
111151,sete-cidades,olhar
111152,sete-cidades,Me
111153,sete-cidades,partiu
111154,sete-cidades,em
111155,sete-cidades,dois
111156,sete-cidades,E
111157,sete-cidades,procuro
111158,sete-cidades,agora
111159,sete-cidades,o
111160,sete-cidades,que
111161,sete-cidades,é
111162,sete-cidades,minha
111163,sete-cidades,metade
111164,sete-cidades,Sinto
111165,sete-cidades,falta
111166,sete-cidades,de
111167,sete-cidades,mim
111168,sete-cidades,mesmo
111169,sete-cidades,E
111170,sete-cidades,sinto
111171,sete-cidades,falta
111172,sete-cidades,do
111173,sete-cidades,meu
111174,sete-cidades,corpo
111175,sete-cidades,junto
111176,sete-cidades,ao
111177,sete-cidades,teu
111178,sete-cidades,Não
111179,sete-cidades,sabe
111180,sete-cidades,ainda
111181,sete-cidades,os
111182,sete-cidades,caminhos
111183,sete-cidades,do
111184,sete-cidades,mundo
111185,sete-cidades,Tenho
111186,sete-cidades,medo
111187,sete-cidades,de
111188,sete-cidades,mim
111189,sete-cidades,mesmo
111190,sete-cidades,E
111191,sete-cidades,sinto
111192,sete-cidades,falta
111193,sete-cidades,do
111194,sete-cidades,teu
111195,sete-cidades,corpo
111196,sete-cidades,junto
111197,sete-cidades,ao
111198,sete-cidades,meu
111199,sete-cidades,Que
111200,sete-cidades,eu
111201,sete-cidades,não
111202,sete-cidades,sei
111203,sete-cidades,esperar
111204,sete-cidades,Já
111205,sete-cidades,fizemos
111206,sete-cidades,promessas
111207,sete-cidades,demais
111208,sete-cidades,Quando
111209,sete-cidades,estou
111210,sete-cidades,contigo
111211,sete-cidades,estou
111212,sete-cidades,em
111213,sete-cidades,paz
111214,sete-cidades,Meu
111215,sete-cidades,espírito
111216,sete-cidades,se
111217,sete-cidades,perde
111218,sete-cidades,Voa
111219,sete-cidades,longe
111220,sete-cidades,None
112080,so-por-hoje,Só
112081,so-por-hoje,por
112082,so-por-hoje,hoje
112083,so-por-hoje,eu
112084,so-por-hoje,espero
112085,so-por-hoje,conseguir
112086,so-por-hoje,Aceitar
112087,so-por-hoje,o
112088,so-por-hoje,que
112089,so-por-hoje,passou
112090,so-por-hoje,e
112091,so-por-hoje,o
112092,so-por-hoje,que
112093,so-por-hoje,virá
112094,so-por-hoje,Só
112095,so-por-hoje,por
112096,so-por-hoje,hoje
112097,so-por-hoje,vou
112098,so-por-hoje,me
112099,so-por-hoje,lembrar
112100,so-por-hoje,que
112101,so-por-hoje,sou
112102,so-por-hoje,feliz
112103,so-por-hoje,Não
112104,so-por-hoje,preciso
112105,so-por-hoje,me
112106,so-por-hoje,desculpar
112107,so-por-hoje,e
112108,so-por-hoje,nem
112109,so-por-hoje,te
112110,so-por-hoje,convencer
112111,so-por-hoje,O
112112,so-por-hoje,mundo
112113,so-por-hoje,é
112114,so-por-hoje,radical
112115,so-por-hoje,Não
112116,so-por-hoje,sei
112117,so-por-hoje,onde
112118,so-por-hoje,estou
112119,so-por-hoje,indo
112120,so-por-hoje,Só
112121,so-por-hoje,sei
112122,so-por-hoje,que
112123,so-por-hoje,não
112124,so-por-hoje,estou
112125,so-por-hoje,perdido
112126,so-por-hoje,Aprendi
112127,so-por-hoje,a
112128,so-por-hoje,viver
112129,so-por-hoje,um
112130,so-por-hoje,dia
112131,so-por-hoje,de
112132,so-por-hoje,cada
112133,so-por-hoje,vez
112134,so-por-hoje,Só
112135,so-por-hoje,por
112136,so-por-hoje,hoje
112137,so-por-hoje,eu
112138,so-por-hoje,não
112139,so-por-hoje,quero
112140,so-por-hoje,me
112141,so-por-hoje,esquecer
112142,so-por-hoje,Que
112143,so-por-hoje,há
112144,so-por-hoje,algumas
112145,so-por-hoje,pouco
112146,so-por-hoje,vinte
112147,so-por-hoje,quatro
112148,so-por-hoje,horas
112149,so-por-hoje,Quase
112150,so-por-hoje,joguei
112151,so-por-hoje,a
112152,so-por-hoje,minha
112153,so-por-hoje,vida
112154,so-por-hoje,inteira
112155,so-por-hoje,fora
112156,so-por-hoje,Viver
112157,so-por-hoje,é
112158,so-por-hoje,uma
112159,so-por-hoje,dádiva
112160,so-por-hoje,fatal!
112161,so-por-hoje,No
112162,so-por-hoje,fim
112163,so-por-hoje,das
112164,so-por-hoje,contas
112165,so-por-hoje,ninguém
112166,so-por-hoje,sai
112167,so-por-hoje,vivo
112168,so-por-hoje,daqui
112169,so-por-hoje,Mas
112170,so-por-hoje,vamos
112171,so-por-hoje,com
112172,so-por-hoje,calma!
112173,so-por-hoje,Só
112174,so-por-hoje,por
112175,so-por-hoje,hoje
112176,so-por-hoje,eu
112177,so-por-hoje,não
112178,so-por-hoje,vou
112179,so-por-hoje,me
112180,so-por-hoje,destruir
112181,so-por-hoje,Posso
112182,so-por-hoje,até
112183,so-por-hoje,ficar
112184,so-por-hoje,triste
112185,so-por-hoje,se
112186,so-por-hoje,eu
112187,so-por-hoje,quiser
112188,so-por-hoje,É
112189,so-por-hoje,só
112190,so-por-hoje,por
112191,so-por-hoje,"hoje,"
112192,so-por-hoje,ao
112193,so-por-hoje,menos
112194,so-por-hoje,isso
112195,so-por-hoje,eu
112196,so-por-hoje,aprendi
112197,so-por-hoje,None
113014,soldados,Não
113015,soldados,temos
113016,soldados,com
113017,soldados,quem
113018,soldados,chorar
113019,soldados,e
113020,soldados,nem
113021,soldados,pra
113022,soldados,onde
113023,soldados,ir
113024,soldados,Se
113025,soldados,lembra
113026,soldados,quando
113027,soldados,era
113028,soldados,só
113029,soldados,brincadeira
113030,soldados,Fingir
113031,soldados,ser
113032,soldados,soldado
113033,soldados,a
113034,soldados,tarde
113035,soldados,inteira?
113036,soldados,Parece
113037,soldados,medo
113038,soldados,da
113039,soldados,"morte,"
113040,soldados,mas
113041,soldados,não
113042,soldados,era
113043,soldados,então
113044,soldados,Tenho
113045,soldados,medo
113046,soldados,de
113047,soldados,lhe
113048,soldados,dizer
113049,soldados,que
113050,soldados,eu
113051,soldados,quero
113052,soldados,tanto
113053,soldados,Tenho
113054,soldados,medo
113055,soldados,e
113056,soldados,eu
113057,soldados,sei
113058,soldados,por
113059,soldados,que
113060,soldados,estamos
113061,soldados,esperando
113062,soldados,Quem
113063,soldados,é
113064,soldados,o
113065,soldados,inimigo?
113066,soldados,Quem
113067,soldados,é
113068,soldados,você?
113069,soldados,Quem
113070,soldados,é
113071,soldados,o
113072,soldados,inimigo?
113073,soldados,Quem
113074,soldados,é
113075,soldados,você?
113076,soldados,Quem
113077,soldados,é
113078,soldados,o
113079,soldados,inimigo?
113080,soldados,Quem
113081,soldados,é
113082,soldados,você?
113083,soldados,Por
113084,soldados,que
113085,soldados,lutar?
113086,soldados,E
113087,soldados,de
113088,soldados,repente
113089,soldados,eu
113090,soldados,vi
113091,soldados,você
113092,soldados,cair
113093,soldados,Não
113094,soldados,sei
113095,soldados,armar
113096,soldados,o
113097,soldados,que
113098,soldados,eu
113099,soldados,senti
113100,soldados,Não
113101,soldados,sei
113102,soldados,dizer
113103,soldados,que
113104,soldados,vi
113105,soldados,você
113106,soldados,ali
113107,soldados,Quem
113108,soldados,vai
113109,soldados,saber
113110,soldados,o
113111,soldados,que
113112,soldados,você
113113,soldados,pensou?
113114,soldados,Quem
113115,soldados,vai
113116,soldados,dizer
113117,soldados,agora
113118,soldados,o
113119,soldados,que
113120,soldados,eu
113121,soldados,não
113122,soldados,fiz?
113123,soldados,Como
113124,soldados,explicar
113125,soldados,pra
113126,soldados,você
113127,soldados,o
113128,soldados,que
113129,soldados,eu
113130,soldados,quis?
113131,soldados,Pedindo
113132,soldados,esmola
113133,soldados,A
113134,soldados,gente
113135,soldados,não
113136,soldados,queria
113137,soldados,lutar
113138,soldados,A
113139,soldados,gente
113140,soldados,não
113141,soldados,queria
113142,soldados,lutar
113143,soldados,A
113144,soldados,gente
113145,soldados,não
113146,soldados,queria
113147,soldados,lutar
113148,soldados,None
113948,soul-parsifal,Meu
113949,soul-parsifal,coração
113950,soul-parsifal,está
113951,soul-parsifal,desperto
113952,soul-parsifal,É
113953,soul-parsifal,sereno
113954,soul-parsifal,nosso
113955,soul-parsifal,amor
113956,soul-parsifal,e
113957,soul-parsifal,santo
113958,soul-parsifal,este
113959,soul-parsifal,lugar
113960,soul-parsifal,Dos
113961,soul-parsifal,tempos
113962,soul-parsifal,de
113963,soul-parsifal,tristeza
113964,soul-parsifal,tive
113965,soul-parsifal,o
113966,soul-parsifal,tanto
113967,soul-parsifal,que
113968,soul-parsifal,era
113969,soul-parsifal,bom
113970,soul-parsifal,Eu
113971,soul-parsifal,tive
113972,soul-parsifal,o
113973,soul-parsifal,teu
113974,soul-parsifal,veneno
113975,soul-parsifal,E
113976,soul-parsifal,o
113977,soul-parsifal,sopro
113978,soul-parsifal,leve
113979,soul-parsifal,do
113980,soul-parsifal,luar
113981,soul-parsifal,E
113982,soul-parsifal,tua
113983,soul-parsifal,"lembrança,"
113984,soul-parsifal,a
113985,soul-parsifal,estrela
113986,soul-parsifal,a
113987,soul-parsifal,me
113988,soul-parsifal,guiar
113989,soul-parsifal,Da
113990,soul-parsifal,alfazema
113991,soul-parsifal,fiz
113992,soul-parsifal,um
113993,soul-parsifal,bordado
113994,soul-parsifal,"Vem,"
113995,soul-parsifal,meu
113996,soul-parsifal,"amor,"
113997,soul-parsifal,é
113998,soul-parsifal,hora
113999,soul-parsifal,de
114000,soul-parsifal,acordar
114001,soul-parsifal,Tenho
114002,soul-parsifal,hortelã
114003,soul-parsifal,Tenho
114004,soul-parsifal,um
114005,soul-parsifal,cesto
114006,soul-parsifal,de
114007,soul-parsifal,flores
114008,soul-parsifal,Eu
114009,soul-parsifal,tenho
114010,soul-parsifal,um
114011,soul-parsifal,jardim
114012,soul-parsifal,e
114013,soul-parsifal,uma
114014,soul-parsifal,canção
114015,soul-parsifal,Vivo
114016,soul-parsifal,"feliz,"
114017,soul-parsifal,tenho
114018,soul-parsifal,amor
114019,soul-parsifal,Eu
114020,soul-parsifal,tenho
114021,soul-parsifal,um
114022,soul-parsifal,desejo
114023,soul-parsifal,e
114024,soul-parsifal,um
114025,soul-parsifal,coração
114026,soul-parsifal,Tenho
114027,soul-parsifal,coragem
114028,soul-parsifal,e
114029,soul-parsifal,sei
114030,soul-parsifal,quem
114031,soul-parsifal,eu
114032,soul-parsifal,sou
114033,soul-parsifal,Vê
114034,soul-parsifal,que
114035,soul-parsifal,a
114036,soul-parsifal,minha
114037,soul-parsifal,força
114038,soul-parsifal,é
114039,soul-parsifal,quase
114040,soul-parsifal,santa
114041,soul-parsifal,Como
114042,soul-parsifal,foi
114043,soul-parsifal,santo
114044,soul-parsifal,o
114045,soul-parsifal,meu
114046,soul-parsifal,penar
114047,soul-parsifal,Pecado
114048,soul-parsifal,é
114049,soul-parsifal,provocar
114050,soul-parsifal,desejo
114051,soul-parsifal,E
114052,soul-parsifal,depois
114053,soul-parsifal,renunciar
114054,soul-parsifal,Meu
114055,soul-parsifal,orgulho
114056,soul-parsifal,me
114057,soul-parsifal,deixou
114058,soul-parsifal,cansado
114059,soul-parsifal,Meu
114060,soul-parsifal,egoísmo
114061,soul-parsifal,me
114062,soul-parsifal,deixou
114063,soul-parsifal,cansado
114064,soul-parsifal,Minha
114065,soul-parsifal,vaidade
114066,soul-parsifal,me
114067,soul-parsifal,deixou
114068,soul-parsifal,cansado
114069,soul-parsifal,Não
114070,soul-parsifal,falo
114071,soul-parsifal,pelos
114072,soul-parsifal,outros
114073,soul-parsifal,Só
114074,soul-parsifal,falo
114075,soul-parsifal,por
114076,soul-parsifal,mim
114077,soul-parsifal,Ninguém
114078,soul-parsifal,vai
114079,soul-parsifal,me
114080,soul-parsifal,dizer
114081,soul-parsifal,o
114082,soul-parsifal,que
114083,soul-parsifal,sentir
114084,soul-parsifal,Eu
114085,soul-parsifal,tenho
114086,soul-parsifal,um
114087,soul-parsifal,"anjo,"
114088,soul-parsifal,eu
114089,soul-parsifal,tenho
114090,soul-parsifal,uma
114091,soul-parsifal,irmã
114092,soul-parsifal,Com
114093,soul-parsifal,a
114094,soul-parsifal,saudade
114095,soul-parsifal,teci
114096,soul-parsifal,uma
114097,soul-parsifal,prece
114098,soul-parsifal,E
114099,soul-parsifal,preparei
114100,soul-parsifal,erva-cidreira
114101,soul-parsifal,no
114102,soul-parsifal,café
114103,soul-parsifal,da
114104,soul-parsifal,manhã
114105,soul-parsifal,Ninguém
114106,soul-parsifal,vai
114107,soul-parsifal,me
114108,soul-parsifal,dizer
114109,soul-parsifal,o
114110,soul-parsifal,que
114111,soul-parsifal,sentir
114112,soul-parsifal,E
114113,soul-parsifal,eu
114114,soul-parsifal,vou
114115,soul-parsifal,cantar
114116,soul-parsifal,uma
114117,soul-parsifal,canção
114118,soul-parsifal,p'rá
114119,soul-parsifal,mim
114120,soul-parsifal,None
114882,strani-amore,<span
114883,strani-amore,"class=""l_row""><span>Ma"
114884,strani-amore,sapevo
114885,strani-amore,che
114886,strani-amore,era
114887,strani-amore,una
114888,strani-amore,bugia</span></span>
114889,strani-amore,<span
114890,strani-amore,"class=""l_row""><span>Quanto"
114891,strani-amore,tempo
114892,strani-amore,perso
114893,strani-amore,dietro
114894,strani-amore,a
114895,strani-amore,lui</span></span>
114896,strani-amore,<span
114897,strani-amore,"class=""l_row""><span>Che"
114898,strani-amore,promette
114899,strani-amore,e
114900,strani-amore,poi
114901,strani-amore,non
114902,strani-amore,cambia
114903,strani-amore,mai</span></span>
114904,strani-amore,<span
114905,strani-amore,"class=""l_row""><span>Strani"
114906,strani-amore,amori
114907,strani-amore,mettono
114908,strani-amore,nei
114909,strani-amore,guai</span></span>
114910,strani-amore,<span
114911,strani-amore,"class=""l_row""><span>Ma,"
114912,strani-amore,in
114913,strani-amore,"realtà,"
114914,strani-amore,siamo
114915,strani-amore,noi</span></span>
114916,strani-amore,<span
114917,strani-amore,"class=""l_row""><span>Litigando"
114918,strani-amore,che
114919,strani-amore,sia
114920,strani-amore,libero</span></span>
114921,strani-amore,<span
114922,strani-amore,"class=""l_row""><span>Con"
114923,strani-amore,il
114924,strani-amore,cuore
114925,strani-amore,nello
114926,strani-amore,stomaco</span></span>
114927,strani-amore,<span
114928,strani-amore,"class=""l_row""><span>Un"
114929,strani-amore,gomitolo
114930,strani-amore,nell'angolo</span></span>
114931,strani-amore,<span
114932,strani-amore,"class=""l_row""><span>Lì"
114933,strani-amore,da
114934,strani-amore,"sola,"
114935,strani-amore,dentro
114936,strani-amore,un
114937,strani-amore,brivido</span></span>
114938,strani-amore,<span
114939,strani-amore,"class=""l_row""><span>Ma"
114940,strani-amore,perché
114941,strani-amore,lui
114942,strani-amore,non
114943,strani-amore,c'è</span></span>
114944,strani-amore,<span
114945,strani-amore,"class=""l_row""><span>Fanno"
114946,strani-amore,crescere
114947,strani-amore,e
114948,strani-amore,sorridere</span></span>
114949,strani-amore,<span
114950,strani-amore,"class=""l_row""><span>Fra"
114951,strani-amore,le
114952,strani-amore,lacrime</span></span>
114953,strani-amore,<span
114954,strani-amore,"class=""l_row""><span>Quante"
114955,strani-amore,pagine
114956,strani-amore,lì
114957,strani-amore,da
114958,strani-amore,scrivere</span></span>
114959,strani-amore,<span
114960,strani-amore,"class=""l_row""><span>Sogni"
114961,strani-amore,e
114962,strani-amore,lividi
114963,strani-amore,da
114964,strani-amore,dividere</span></span>
114965,strani-amore,<span
114966,strani-amore,"class=""l_row""><span>Sono"
114967,strani-amore,amori
114968,strani-amore,che
114969,strani-amore,spesso
114970,strani-amore,a
114971,strani-amore,questa
114972,strani-amore,età</span></span>
114973,strani-amore,<span
114974,strani-amore,"class=""l_row""><span>Si"
114975,strani-amore,confondono
114976,strani-amore,dentro
114977,strani-amore,a
114978,strani-amore,quest'anima</span></span>
114979,strani-amore,<span
114980,strani-amore,"class=""l_row""><span>Che"
114981,strani-amore,si
114982,strani-amore,interroga
114983,strani-amore,senza
114984,strani-amore,decidere</span></span>
114985,strani-amore,<span
114986,strani-amore,"class=""l_row""><span>Se"
114987,strani-amore,è
114988,strani-amore,un
114989,strani-amore,amore
114990,strani-amore,che
114991,strani-amore,fa
114992,strani-amore,per
114993,strani-amore,noi</span></span>
114994,strani-amore,<span
114995,strani-amore,"class=""l_row""><span>Rileggendo"
114996,strani-amore,quelle
114997,strani-amore,lettere</span></span>
114998,strani-amore,<span
114999,strani-amore,"class=""l_row""><span>Che"
115000,strani-amore,non
115001,strani-amore,riesci
115002,strani-amore,più
115003,strani-amore,a
115004,strani-amore,buttare
115005,strani-amore,via</span></span>
115006,strani-amore,<span
115007,strani-amore,"class=""l_row""><span>Dal"
115008,strani-amore,labirinto
115009,strani-amore,della
115010,strani-amore,nostalgia</span></span>
115011,strani-amore,<span
115012,strani-amore,"class=""l_row""><span>Grandi"
115013,strani-amore,amori
115014,strani-amore,che
115015,strani-amore,finiscono</span></span>
115016,strani-amore,<span
115017,strani-amore,"class=""l_row""><span>Ma"
115018,strani-amore,perché
115019,strani-amore,restano
115020,strani-amore,nel
115021,strani-amore,cuore</span></span>
115022,strani-amore,<span
115023,strani-amore,"class=""l_row""><span>Nei"
115024,strani-amore,pensieri
115025,strani-amore,che
115026,strani-amore,lì
115027,strani-amore,nascondono</span></span>
115028,strani-amore,<span
115029,strani-amore,"class=""l_row""><span>Storie"
115030,strani-amore,vere
115031,strani-amore,che
115032,strani-amore,ci
115033,strani-amore,appartengono</span></span>
115034,strani-amore,<span
115035,strani-amore,"class=""l_row""><span>Ma"
115036,strani-amore,si
115037,strani-amore,lasciano
115038,strani-amore,come
115039,strani-amore,noi</span></span>
115040,strani-amore,<span
115041,strani-amore,"class=""l_row""><span>Prigionieri,"
115042,strani-amore,liberi</span></span>
115043,strani-amore,<span
115044,strani-amore,"class=""l_row""><span>Strani"
115045,strani-amore,amori
115046,strani-amore,mettono
115047,strani-amore,nei
115048,strani-amore,guai</span></span>
115049,strani-amore,<span
115050,strani-amore,"class=""l_row""><span>Ma,"
115051,strani-amore,in
115052,strani-amore,"realtà,"
115053,strani-amore,siamo
115054,strani-amore,noi</span></span>
115055,strani-amore,<span
115056,strani-amore,"class=""l_row""><span>Prigionieri,"
115057,strani-amore,liberi</span></span>
115058,strani-amore,<span
115059,strani-amore,"class=""l_row""><span>Strani"
115060,strani-amore,amori
115061,strani-amore,che
115062,strani-amore,non
115063,strani-amore,sanno
115064,strani-amore,vivere</span></span>
115065,strani-amore,<span
115066,strani-amore,"class=""l_row""><span>E"
115067,strani-amore,si
115068,strani-amore,perdono
115069,strani-amore,dentro
115070,strani-amore,noi</span></span>
115071,strani-amore,<span
115072,strani-amore,"class=""l_row""><span>Questa"
115073,strani-amore,volta
115074,strani-amore,l'ho
115075,strani-amore,promesso
115076,strani-amore,a
115077,strani-amore,me</span></span>
115078,strani-amore,<span
115079,strani-amore,"class=""l_row""><span>Perché"
115080,strani-amore,ho
115081,strani-amore,voglia
115082,strani-amore,di
115083,strani-amore,un
115084,strani-amore,amore
115085,strani-amore,vero</span></span>
115086,strani-amore,<span
115087,strani-amore,"class=""l_row""><span>Senza"
115088,strani-amore,te</span></span>
115089,strani-amore,None
115090,strani-amore,<span
115091,strani-amore,"class=""l_row""><span>Eu"
115092,strani-amore,sabia
115093,strani-amore,que
115094,strani-amore,era
115095,strani-amore,uma
115096,strani-amore,mentira</span></span>
115097,strani-amore,<span
115098,strani-amore,"class=""l_row""><span>Quanto"
115099,strani-amore,tempo
115100,strani-amore,Perdido
115101,strani-amore,atrás
115102,strani-amore,de
115103,strani-amore,você</span></span>
115104,strani-amore,<span
115105,strani-amore,"class=""l_row""><span>Que"
115106,strani-amore,promete
115107,strani-amore,e
115108,strani-amore,nunca
115109,strani-amore,muda</span></span>
115110,strani-amore,<span
115111,strani-amore,"class=""l_row""><span>Estranhos"
115112,strani-amore,Amores
115113,strani-amore,que
115114,strani-amore,nos
115115,strani-amore,colocam
115116,strani-amore,em
115117,strani-amore,problemas</span></span>
115118,strani-amore,<span
115119,strani-amore,"class=""l_row""><span>Mas"
115120,strani-amore,na
115121,strani-amore,realidade
115122,strani-amore,somos
115123,strani-amore,nós.</span></span>
115124,strani-amore,<span
115125,strani-amore,"class=""l_row""><span>Brigando"
115126,strani-amore,para
115127,strani-amore,que
115128,strani-amore,esteja
115129,strani-amore,livre</span></span>
115130,strani-amore,<span
115131,strani-amore,"class=""l_row""><span>Com"
115132,strani-amore,o
115133,strani-amore,coração
115134,strani-amore,no
115135,strani-amore,estômago</span></span>
115136,strani-amore,<span
115137,strani-amore,"class=""l_row""><span>E"
115138,strani-amore,um
115139,strani-amore,nó
115140,strani-amore,na
115141,strani-amore,garganta</span></span>
115142,strani-amore,<span
115143,strani-amore,"class=""l_row""><span>Ali"
115144,strani-amore,"sozinho,"
115145,strani-amore,dentro
115146,strani-amore,um
115147,strani-amore,"arrepio,</span></span>"
115148,strani-amore,<span
115149,strani-amore,"class=""l_row""><span>Mas"
115150,strani-amore,porque
115151,strani-amore,ele
115152,strani-amore,não
115153,strani-amore,esta</span></span>
115154,strani-amore,<span
115155,strani-amore,"class=""l_row""><span>Nos"
115156,strani-amore,fazem
115157,strani-amore,crescer
115158,strani-amore,e
115159,strani-amore,sorrir</span></span>
115160,strani-amore,<span
115161,strani-amore,"class=""l_row""><span>Entre"
115162,strani-amore,lágrimas</span></span>
115163,strani-amore,<span
115164,strani-amore,"class=""l_row""><span>Quantas"
115165,strani-amore,páginas
115166,strani-amore,para
115167,strani-amore,"escrever,</span></span>"
115168,strani-amore,<span
115169,strani-amore,"class=""l_row""><span>Sonhos"
115170,strani-amore,livres
115171,strani-amore,para
115172,strani-amore,dividir.</span></span>
115173,strani-amore,<span
115174,strani-amore,"class=""l_row""><span>E"
115175,strani-amore,são
115176,strani-amore,amores
115177,strani-amore,normais
115178,strani-amore,a
115179,strani-amore,esta
115180,strani-amore,idade</span></span>
115181,strani-amore,<span
115182,strani-amore,"class=""l_row""><span>Que"
115183,strani-amore,se
115184,strani-amore,confundem
115185,strani-amore,dentro
115186,strani-amore,da
115187,strani-amore,alma</span></span>
115188,strani-amore,<span
115189,strani-amore,"class=""l_row""><span>Que"
115190,strani-amore,se
115191,strani-amore,interroga
115192,strani-amore,sem
115193,strani-amore,se
115194,strani-amore,decidir</span></span>
115195,strani-amore,<span
115196,strani-amore,"class=""l_row""><span>Se"
115197,strani-amore,é
115198,strani-amore,um
115199,strani-amore,amor
115200,strani-amore,para
115201,strani-amore,nós</span></span>
115202,strani-amore,<span
115203,strani-amore,"class=""l_row""><span>Relendo"
115204,strani-amore,aquelas
115205,strani-amore,cartas</span></span>
115206,strani-amore,<span
115207,strani-amore,"class=""l_row""><span>Que"
115208,strani-amore,não
115209,strani-amore,consigo
115210,strani-amore,jogar
115211,strani-amore,fora</span></span>
115212,strani-amore,<span
115213,strani-amore,"class=""l_row""><span>No"
115214,strani-amore,labirinto
115215,strani-amore,da
115216,strani-amore,saudade</span></span>
115217,strani-amore,<span
115218,strani-amore,"class=""l_row""><span>Grandes"
115219,strani-amore,amores
115220,strani-amore,que
115221,strani-amore,terminam</span></span>
115222,strani-amore,<span
115223,strani-amore,"class=""l_row""><span>Mas"
115224,strani-amore,porque
115225,strani-amore,ficam
115226,strani-amore,no
115227,strani-amore,coração</span></span>
115228,strani-amore,<span
115229,strani-amore,"class=""l_row""><span>Nos"
115230,strani-amore,pensamentos
115231,strani-amore,se
115232,strani-amore,escondem</span></span>
115233,strani-amore,<span
115234,strani-amore,"class=""l_row""><span>Histórias"
115235,strani-amore,verdadeiras
115236,strani-amore,que
115237,strani-amore,nos
115238,strani-amore,pertencem</span></span>
115239,strani-amore,<span
115240,strani-amore,"class=""l_row""><span>Mas"
115241,strani-amore,se
115242,strani-amore,perdem
115243,strani-amore,como
115244,strani-amore,nós</span></span>
115245,strani-amore,<span
115246,strani-amore,"class=""l_row""><span>Prisioneiros"
115247,strani-amore,livres</span></span>
115248,strani-amore,<span
115249,strani-amore,"class=""l_row""><span>Amores"
115250,strani-amore,estranhos
115251,strani-amore,que
115252,strani-amore,nos
115253,strani-amore,colocam
115254,strani-amore,em
115255,strani-amore,problemas</span></span>
115256,strani-amore,<span
115257,strani-amore,"class=""l_row""><span>Mas"
115258,strani-amore,na
115259,strani-amore,realidade
115260,strani-amore,somos
115261,strani-amore,nós</span></span>
115262,strani-amore,<span
115263,strani-amore,"class=""l_row""><span>Prisioneiros"
115264,strani-amore,livres</span></span>
115265,strani-amore,<span
115266,strani-amore,"class=""l_row""><span>São"
115267,strani-amore,amores
115268,strani-amore,estranhos
115269,strani-amore,que
115270,strani-amore,não
115271,strani-amore,sabem
115272,strani-amore,viver</span></span>
115273,strani-amore,<span
115274,strani-amore,"class=""l_row""><span>E"
115275,strani-amore,se
115276,strani-amore,perdem
115277,strani-amore,dentro
115278,strani-amore,de
115279,strani-amore,nós</span></span>
115280,strani-amore,<span
115281,strani-amore,"class=""l_row""><span>Desta"
115282,strani-amore,vez
115283,strani-amore,é
115284,strani-amore,uma
115285,strani-amore,promessa</span></span>
115286,strani-amore,<span
115287,strani-amore,"class=""l_row""><span>Porque"
115288,strani-amore,eu
115289,strani-amore,quero
115290,strani-amore,um
115291,strani-amore,amor
115292,strani-amore,verdadeiro</span></span>
115293,strani-amore,<span
115294,strani-amore,"class=""l_row""><span>Sem"
115295,strani-amore,você</span></span>
115296,strani-amore,None
115816,o-teatro-dos-vampiros,Acho
115817,o-teatro-dos-vampiros,que
115818,o-teatro-dos-vampiros,não
115819,o-teatro-dos-vampiros,sei
115820,o-teatro-dos-vampiros,quem
115821,o-teatro-dos-vampiros,"sou,"
115822,o-teatro-dos-vampiros,só
115823,o-teatro-dos-vampiros,sei
115824,o-teatro-dos-vampiros,do
115825,o-teatro-dos-vampiros,que
115826,o-teatro-dos-vampiros,não
115827,o-teatro-dos-vampiros,gosto
115828,o-teatro-dos-vampiros,E
115829,o-teatro-dos-vampiros,destes
115830,o-teatro-dos-vampiros,dias
115831,o-teatro-dos-vampiros,tão
115832,o-teatro-dos-vampiros,estranhos
115833,o-teatro-dos-vampiros,Fica
115834,o-teatro-dos-vampiros,a
115835,o-teatro-dos-vampiros,poeira
115836,o-teatro-dos-vampiros,se
115837,o-teatro-dos-vampiros,escondendo
115838,o-teatro-dos-vampiros,pelos
115839,o-teatro-dos-vampiros,cantos
115840,o-teatro-dos-vampiros,O
115841,o-teatro-dos-vampiros,que
115842,o-teatro-dos-vampiros,é
115843,o-teatro-dos-vampiros,demais
115844,o-teatro-dos-vampiros,nunca
115845,o-teatro-dos-vampiros,é
115846,o-teatro-dos-vampiros,o
115847,o-teatro-dos-vampiros,bastante
115848,o-teatro-dos-vampiros,E
115849,o-teatro-dos-vampiros,a
115850,o-teatro-dos-vampiros,primeira
115851,o-teatro-dos-vampiros,vez
115852,o-teatro-dos-vampiros,é
115853,o-teatro-dos-vampiros,sempre
115854,o-teatro-dos-vampiros,a
115855,o-teatro-dos-vampiros,última
115856,o-teatro-dos-vampiros,chance
115857,o-teatro-dos-vampiros,Ninguém
115858,o-teatro-dos-vampiros,vê
115859,o-teatro-dos-vampiros,onde
115860,o-teatro-dos-vampiros,chegamos
115861,o-teatro-dos-vampiros,Os
115862,o-teatro-dos-vampiros,assassinos
115863,o-teatro-dos-vampiros,estão
115864,o-teatro-dos-vampiros,"livres,"
115865,o-teatro-dos-vampiros,nós
115866,o-teatro-dos-vampiros,não
115867,o-teatro-dos-vampiros,estamos
115868,o-teatro-dos-vampiros,Os
115869,o-teatro-dos-vampiros,meus
115870,o-teatro-dos-vampiros,amigos
115871,o-teatro-dos-vampiros,todos
115872,o-teatro-dos-vampiros,estão
115873,o-teatro-dos-vampiros,procurando
115874,o-teatro-dos-vampiros,emprego
115875,o-teatro-dos-vampiros,Voltamos
115876,o-teatro-dos-vampiros,a
115877,o-teatro-dos-vampiros,viver
115878,o-teatro-dos-vampiros,como
115879,o-teatro-dos-vampiros,há
115880,o-teatro-dos-vampiros,dez
115881,o-teatro-dos-vampiros,anos
115882,o-teatro-dos-vampiros,atrás
115883,o-teatro-dos-vampiros,E
115884,o-teatro-dos-vampiros,a
115885,o-teatro-dos-vampiros,cada
115886,o-teatro-dos-vampiros,hora
115887,o-teatro-dos-vampiros,que
115888,o-teatro-dos-vampiros,"passa,"
115889,o-teatro-dos-vampiros,envelhecemos
115890,o-teatro-dos-vampiros,dez
115891,o-teatro-dos-vampiros,semanas
115892,o-teatro-dos-vampiros,Esquecer
115893,o-teatro-dos-vampiros,dessa
115894,o-teatro-dos-vampiros,"noite,"
115895,o-teatro-dos-vampiros,ter
115896,o-teatro-dos-vampiros,um
115897,o-teatro-dos-vampiros,lugar
115898,o-teatro-dos-vampiros,legal
115899,o-teatro-dos-vampiros,pra
115900,o-teatro-dos-vampiros,ir
115901,o-teatro-dos-vampiros,Já
115902,o-teatro-dos-vampiros,entregamos
115903,o-teatro-dos-vampiros,o
115904,o-teatro-dos-vampiros,alvo
115905,o-teatro-dos-vampiros,e
115906,o-teatro-dos-vampiros,a
115907,o-teatro-dos-vampiros,artilharia
115908,o-teatro-dos-vampiros,Comparamos
115909,o-teatro-dos-vampiros,nossas
115910,o-teatro-dos-vampiros,"vidas,"
115911,o-teatro-dos-vampiros,esperamos
115912,o-teatro-dos-vampiros,que
115913,o-teatro-dos-vampiros,um
115914,o-teatro-dos-vampiros,dia
115915,o-teatro-dos-vampiros,Nossas
115916,o-teatro-dos-vampiros,vidas
115917,o-teatro-dos-vampiros,possam
115918,o-teatro-dos-vampiros,se
115919,o-teatro-dos-vampiros,encontrar
115920,o-teatro-dos-vampiros,Comigo
115921,o-teatro-dos-vampiros,apenas
115922,o-teatro-dos-vampiros,e
115923,o-teatro-dos-vampiros,com
115924,o-teatro-dos-vampiros,o
115925,o-teatro-dos-vampiros,mundo
115926,o-teatro-dos-vampiros,Você
115927,o-teatro-dos-vampiros,me
115928,o-teatro-dos-vampiros,veio
115929,o-teatro-dos-vampiros,como
115930,o-teatro-dos-vampiros,um
115931,o-teatro-dos-vampiros,sonho
115932,o-teatro-dos-vampiros,bom
115933,o-teatro-dos-vampiros,E
115934,o-teatro-dos-vampiros,me
115935,o-teatro-dos-vampiros,"assustei,"
115936,o-teatro-dos-vampiros,não
115937,o-teatro-dos-vampiros,sou
115938,o-teatro-dos-vampiros,perfeito
115939,o-teatro-dos-vampiros,Eu
115940,o-teatro-dos-vampiros,não
115941,o-teatro-dos-vampiros,esqueço
115942,o-teatro-dos-vampiros,Ninguém
115943,o-teatro-dos-vampiros,consegue
115944,o-teatro-dos-vampiros,perceber
115945,o-teatro-dos-vampiros,E
115946,o-teatro-dos-vampiros,de
115947,o-teatro-dos-vampiros,pensar
115948,o-teatro-dos-vampiros,nisso
115949,o-teatro-dos-vampiros,tudo
115950,o-teatro-dos-vampiros,"Eu,"
115951,o-teatro-dos-vampiros,homem
115952,o-teatro-dos-vampiros,feito
115953,o-teatro-dos-vampiros,Tive
115954,o-teatro-dos-vampiros,medo
115955,o-teatro-dos-vampiros,e
115956,o-teatro-dos-vampiros,não
115957,o-teatro-dos-vampiros,consegui
115958,o-teatro-dos-vampiros,dormir
115959,o-teatro-dos-vampiros,Os
115960,o-teatro-dos-vampiros,meus
115961,o-teatro-dos-vampiros,amigos
115962,o-teatro-dos-vampiros,todos
115963,o-teatro-dos-vampiros,estão
115964,o-teatro-dos-vampiros,procurando
115965,o-teatro-dos-vampiros,emprego
115966,o-teatro-dos-vampiros,Voltamos
115967,o-teatro-dos-vampiros,a
115968,o-teatro-dos-vampiros,viver
115969,o-teatro-dos-vampiros,como
115970,o-teatro-dos-vampiros,há
115971,o-teatro-dos-vampiros,dez
115972,o-teatro-dos-vampiros,anos
115973,o-teatro-dos-vampiros,atrás
115974,o-teatro-dos-vampiros,E
115975,o-teatro-dos-vampiros,a
115976,o-teatro-dos-vampiros,cada
115977,o-teatro-dos-vampiros,hora
115978,o-teatro-dos-vampiros,que
115979,o-teatro-dos-vampiros,"passa,"
115980,o-teatro-dos-vampiros,envelhecemos
115981,o-teatro-dos-vampiros,dez
115982,o-teatro-dos-vampiros,semanas
115983,o-teatro-dos-vampiros,"Esquecer,"
115984,o-teatro-dos-vampiros,dessa
115985,o-teatro-dos-vampiros,noite
115986,o-teatro-dos-vampiros,ter
115987,o-teatro-dos-vampiros,um
115988,o-teatro-dos-vampiros,lugar
115989,o-teatro-dos-vampiros,legal
115990,o-teatro-dos-vampiros,pra
115991,o-teatro-dos-vampiros,ir
115992,o-teatro-dos-vampiros,Já
115993,o-teatro-dos-vampiros,entregamos
115994,o-teatro-dos-vampiros,o
115995,o-teatro-dos-vampiros,alvo
115996,o-teatro-dos-vampiros,e
115997,o-teatro-dos-vampiros,a
115998,o-teatro-dos-vampiros,artilharia
115999,o-teatro-dos-vampiros,Comparamos
116000,o-teatro-dos-vampiros,nossas
116001,o-teatro-dos-vampiros,vidas
116002,o-teatro-dos-vampiros,e
116003,o-teatro-dos-vampiros,mesmo
116004,o-teatro-dos-vampiros,assim
116005,o-teatro-dos-vampiros,Não
116006,o-teatro-dos-vampiros,tenho
116007,o-teatro-dos-vampiros,pena
116008,o-teatro-dos-vampiros,de
116009,o-teatro-dos-vampiros,ninguém
116010,o-teatro-dos-vampiros,None
116750,tedio-com-um-bem-grande-pra-voce,E
116751,tedio-com-um-bem-grande-pra-voce,todos
116752,tedio-com-um-bem-grande-pra-voce,vão
116753,tedio-com-um-bem-grande-pra-voce,fingindo
116754,tedio-com-um-bem-grande-pra-voce,viver
116755,tedio-com-um-bem-grande-pra-voce,decentemente
116756,tedio-com-um-bem-grande-pra-voce,Só
116757,tedio-com-um-bem-grande-pra-voce,que
116758,tedio-com-um-bem-grande-pra-voce,eu
116759,tedio-com-um-bem-grande-pra-voce,não
116760,tedio-com-um-bem-grande-pra-voce,pretendo
116761,tedio-com-um-bem-grande-pra-voce,ser
116762,tedio-com-um-bem-grande-pra-voce,tão
116763,tedio-com-um-bem-grande-pra-voce,decadente
116764,tedio-com-um-bem-grande-pra-voce,não
116765,tedio-com-um-bem-grande-pra-voce,Bem
116766,tedio-com-um-bem-grande-pra-voce,grande
116767,tedio-com-um-bem-grande-pra-voce,pra
116768,tedio-com-um-bem-grande-pra-voce,você
116769,tedio-com-um-bem-grande-pra-voce,Não
116770,tedio-com-um-bem-grande-pra-voce,tenho
116771,tedio-com-um-bem-grande-pra-voce,"gasolina,"
116772,tedio-com-um-bem-grande-pra-voce,também
116773,tedio-com-um-bem-grande-pra-voce,não
116774,tedio-com-um-bem-grande-pra-voce,tenho
116775,tedio-com-um-bem-grande-pra-voce,carro
116776,tedio-com-um-bem-grande-pra-voce,Também
116777,tedio-com-um-bem-grande-pra-voce,não
116778,tedio-com-um-bem-grande-pra-voce,tenho
116779,tedio-com-um-bem-grande-pra-voce,nada
116780,tedio-com-um-bem-grande-pra-voce,de
116781,tedio-com-um-bem-grande-pra-voce,interessante
116782,tedio-com-um-bem-grande-pra-voce,pra
116783,tedio-com-um-bem-grande-pra-voce,fazer
116784,tedio-com-um-bem-grande-pra-voce,Bem
116785,tedio-com-um-bem-grande-pra-voce,grande
116786,tedio-com-um-bem-grande-pra-voce,pra
116787,tedio-com-um-bem-grande-pra-voce,você
116788,tedio-com-um-bem-grande-pra-voce,Bem
116789,tedio-com-um-bem-grande-pra-voce,grande
116790,tedio-com-um-bem-grande-pra-voce,pra
116791,tedio-com-um-bem-grande-pra-voce,você
116792,tedio-com-um-bem-grande-pra-voce,Eu
116793,tedio-com-um-bem-grande-pra-voce,durmo
116794,tedio-com-um-bem-grande-pra-voce,o
116795,tedio-com-um-bem-grande-pra-voce,dia
116796,tedio-com-um-bem-grande-pra-voce,inteiro
116797,tedio-com-um-bem-grande-pra-voce,e
116798,tedio-com-um-bem-grande-pra-voce,aí
116799,tedio-com-um-bem-grande-pra-voce,não
116800,tedio-com-um-bem-grande-pra-voce,é
116801,tedio-com-um-bem-grande-pra-voce,direito
116802,tedio-com-um-bem-grande-pra-voce,Porque
116803,tedio-com-um-bem-grande-pra-voce,quando
116804,tedio-com-um-bem-grande-pra-voce,"escurece,"
116805,tedio-com-um-bem-grande-pra-voce,só
116806,tedio-com-um-bem-grande-pra-voce,estou
116807,tedio-com-um-bem-grande-pra-voce,a
116808,tedio-com-um-bem-grande-pra-voce,fim
116809,tedio-com-um-bem-grande-pra-voce,de
116810,tedio-com-um-bem-grande-pra-voce,aprontar
116811,tedio-com-um-bem-grande-pra-voce,Bem
116812,tedio-com-um-bem-grande-pra-voce,grande
116813,tedio-com-um-bem-grande-pra-voce,pra
116814,tedio-com-um-bem-grande-pra-voce,você
116815,tedio-com-um-bem-grande-pra-voce,None
117684,teorema,Ninguém
117685,teorema,sabe
117686,teorema,fazer
117687,teorema,o
117688,teorema,que
117689,teorema,você
117690,teorema,me
117691,teorema,faz
117692,teorema,É
117693,teorema,exagero
117694,teorema,e
117695,teorema,pode
117696,teorema,até
117697,teorema,não
117698,teorema,ser
117699,teorema,O
117700,teorema,que
117701,teorema,você
117702,teorema,consegue
117703,teorema,ninguém
117704,teorema,sabe
117705,teorema,fazer
117706,teorema,E
117707,teorema,não
117708,teorema,sabemos
117709,teorema,se
117710,teorema,isso
117711,teorema,é
117712,teorema,problema
117713,teorema,Ou
117714,teorema,se
117715,teorema,é
117716,teorema,a
117717,teorema,solução
117718,teorema,Não
117719,teorema,dê
117720,teorema,"conselhos,"
117721,teorema,não
117722,teorema,peça
117723,teorema,permissão
117724,teorema,É
117725,teorema,só
117726,teorema,você
117727,teorema,quem
117728,teorema,deve
117729,teorema,decidir
117730,teorema,O
117731,teorema,que
117732,teorema,fazer
117733,teorema,pra
117734,teorema,tentar
117735,teorema,ser
117736,teorema,feliz
117737,teorema,E
117738,teorema,parece
117739,teorema,que
117740,teorema,sempre
117741,teorema,termina
117742,teorema,Mas
117743,teorema,não
117744,teorema,tem
117745,teorema,fim
117746,teorema,Ninguém
117747,teorema,sabe
117748,teorema,fazer
117749,teorema,o
117750,teorema,que
117751,teorema,você
117752,teorema,me
117753,teorema,faz
117754,teorema,É
117755,teorema,exagero
117756,teorema,e
117757,teorema,pode
117758,teorema,até
117759,teorema,não
117760,teorema,ser
117761,teorema,O
117762,teorema,que
117763,teorema,você
117764,teorema,consegue
117765,teorema,ninguém
117766,teorema,sabe
117767,teorema,fazer
117768,teorema,E
117769,teorema,parece
117770,teorema,que
117771,teorema,sempre
117772,teorema,termina
117773,teorema,Mas
117774,teorema,não
117775,teorema,tem
117776,teorema,fim
117777,teorema,None
118618,the-last-time-saw-richard,<span
118619,the-last-time-saw-richard,"class=""l_row""><span>And"
118620,the-last-time-saw-richard,he
118621,the-last-time-saw-richard,told
118622,the-last-time-saw-richard,me
118623,the-last-time-saw-richard,all
118624,the-last-time-saw-richard,romantics
118625,the-last-time-saw-richard,meet
118626,the-last-time-saw-richard,the
118627,the-last-time-saw-richard,same
118628,the-last-time-saw-richard,fate</span></span>
118629,the-last-time-saw-richard,<span
118630,the-last-time-saw-richard,"class=""l_row""><span>Someday,"
118631,the-last-time-saw-richard,cynical
118632,the-last-time-saw-richard,and
118633,the-last-time-saw-richard,bitter
118634,the-last-time-saw-richard,and
118635,the-last-time-saw-richard,boring
118636,the-last-time-saw-richard,someone</span></span>
118637,the-last-time-saw-richard,<span
118638,the-last-time-saw-richard,"class=""l_row""><span>In"
118639,the-last-time-saw-richard,some
118640,the-last-time-saw-richard,dark
118641,the-last-time-saw-richard,cafe</span></span>
118642,the-last-time-saw-richard,<span
118643,the-last-time-saw-richard,"class=""l_row""><span>You"
118644,the-last-time-saw-richard,"laugh,"
118645,the-last-time-saw-richard,he
118646,the-last-time-saw-richard,said
118647,the-last-time-saw-richard,you
118648,the-last-time-saw-richard,think
118649,the-last-time-saw-richard,you're
118650,the-last-time-saw-richard,immune</span></span>
118651,the-last-time-saw-richard,<span
118652,the-last-time-saw-richard,"class=""l_row""><span>Go"
118653,the-last-time-saw-richard,look
118654,the-last-time-saw-richard,at
118655,the-last-time-saw-richard,your
118656,the-last-time-saw-richard,eyes</span></span>
118657,the-last-time-saw-richard,<span
118658,the-last-time-saw-richard,"class=""l_row""><span>They're"
118659,the-last-time-saw-richard,full
118660,the-last-time-saw-richard,of
118661,the-last-time-saw-richard,Moon</span></span>
118662,the-last-time-saw-richard,<span
118663,the-last-time-saw-richard,"class=""l_row""><span>You"
118664,the-last-time-saw-richard,like
118665,the-last-time-saw-richard,roses
118666,the-last-time-saw-richard,and
118667,the-last-time-saw-richard,kisses
118668,the-last-time-saw-richard,and
118669,the-last-time-saw-richard,pretty
118670,the-last-time-saw-richard,men
118671,the-last-time-saw-richard,to
118672,the-last-time-saw-richard,tell
118673,the-last-time-saw-richard,you</span></span>
118674,the-last-time-saw-richard,<span
118675,the-last-time-saw-richard,"class=""l_row""><span>All"
118676,the-last-time-saw-richard,those
118677,the-last-time-saw-richard,pretty
118678,the-last-time-saw-richard,"lies,"
118679,the-last-time-saw-richard,pretty
118680,the-last-time-saw-richard,lies</span></span>
118681,the-last-time-saw-richard,<span
118682,the-last-time-saw-richard,"class=""l_row""><span>When"
118683,the-last-time-saw-richard,you
118684,the-last-time-saw-richard,gonna
118685,the-last-time-saw-richard,realize
118686,the-last-time-saw-richard,they're
118687,the-last-time-saw-richard,only
118688,the-last-time-saw-richard,pretty
118689,the-last-time-saw-richard,lies</span></span>
118690,the-last-time-saw-richard,<span
118691,the-last-time-saw-richard,"class=""l_row""><span>Only"
118692,the-last-time-saw-richard,pretty
118693,the-last-time-saw-richard,"lies,"
118694,the-last-time-saw-richard,pretty
118695,the-last-time-saw-richard,lies</span></span>
118696,the-last-time-saw-richard,<span
118697,the-last-time-saw-richard,"class=""l_row""><span>Three"
118698,the-last-time-saw-richard,buttons
118699,the-last-time-saw-richard,and
118700,the-last-time-saw-richard,the
118701,the-last-time-saw-richard,thing
118702,the-last-time-saw-richard,began
118703,the-last-time-saw-richard,to
118704,the-last-time-saw-richard,whirl</span></span>
118705,the-last-time-saw-richard,<span
118706,the-last-time-saw-richard,"class=""l_row""><span>And"
118707,the-last-time-saw-richard,a
118708,the-last-time-saw-richard,waitress
118709,the-last-time-saw-richard,came
118710,the-last-time-saw-richard,by
118711,the-last-time-saw-richard,a
118712,the-last-time-saw-richard,fishnet
118713,the-last-time-saw-richard,stockings
118714,the-last-time-saw-richard,and
118715,the-last-time-saw-richard,a
118716,the-last-time-saw-richard,bow
118717,the-last-time-saw-richard,tie</span></span>
118718,the-last-time-saw-richard,<span
118719,the-last-time-saw-richard,"class=""l_row""><span>And"
118720,the-last-time-saw-richard,she
118721,the-last-time-saw-richard,said:
118722,the-last-time-saw-richard,Drink
118723,the-last-time-saw-richard,up
118724,the-last-time-saw-richard,now
118725,the-last-time-saw-richard,it's
118726,the-last-time-saw-richard,getting
118727,the-last-time-saw-richard,on
118728,the-last-time-saw-richard,time
118729,the-last-time-saw-richard,to
118730,the-last-time-saw-richard,close</span></span>
118731,the-last-time-saw-richard,<span
118732,the-last-time-saw-richard,"class=""l_row""><span>Richard,"
118733,the-last-time-saw-richard,you
118734,the-last-time-saw-richard,haven't
118735,the-last-time-saw-richard,really
118736,the-last-time-saw-richard,"changed,"
118737,the-last-time-saw-richard,I
118738,the-last-time-saw-richard,said</span></span>
118739,the-last-time-saw-richard,<span
118740,the-last-time-saw-richard,"class=""l_row""><span>That's"
118741,the-last-time-saw-richard,just
118742,the-last-time-saw-richard,now
118743,the-last-time-saw-richard,you're
118744,the-last-time-saw-richard,romanticizing
118745,the-last-time-saw-richard,some
118746,the-last-time-saw-richard,pain
118747,the-last-time-saw-richard,that's
118748,the-last-time-saw-richard,in
118749,the-last-time-saw-richard,your
118750,the-last-time-saw-richard,head</span></span>
118751,the-last-time-saw-richard,<span
118752,the-last-time-saw-richard,"class=""l_row""><span>You've"
118753,the-last-time-saw-richard,got
118754,the-last-time-saw-richard,tombs
118755,the-last-time-saw-richard,in
118756,the-last-time-saw-richard,your
118757,the-last-time-saw-richard,"eyes,"
118758,the-last-time-saw-richard,but
118759,the-last-time-saw-richard,the
118760,the-last-time-saw-richard,songs</span></span>
118761,the-last-time-saw-richard,<span
118762,the-last-time-saw-richard,"class=""l_row""><span>You"
118763,the-last-time-saw-richard,punched
118764,the-last-time-saw-richard,are
118765,the-last-time-saw-richard,dreaming</span></span>
118766,the-last-time-saw-richard,<span
118767,the-last-time-saw-richard,"class=""l_row""><span>Listen,"
118768,the-last-time-saw-richard,they
118769,the-last-time-saw-richard,talk
118770,the-last-time-saw-richard,of
118771,the-last-time-saw-richard,love
118772,the-last-time-saw-richard,so
118773,the-last-time-saw-richard,sweet</span></span>
118774,the-last-time-saw-richard,<span
118775,the-last-time-saw-richard,"class=""l_row""><span>When"
118776,the-last-time-saw-richard,you
118777,the-last-time-saw-richard,gonna
118778,the-last-time-saw-richard,get
118779,the-last-time-saw-richard,back
118780,the-last-time-saw-richard,on
118781,the-last-time-saw-richard,your
118782,the-last-time-saw-richard,feet?</span></span>
118783,the-last-time-saw-richard,<span
118784,the-last-time-saw-richard,"class=""l_row""><span>Love"
118785,the-last-time-saw-richard,can
118786,the-last-time-saw-richard,be
118787,the-last-time-saw-richard,so
118788,the-last-time-saw-richard,"sweet,"
118789,the-last-time-saw-richard,love
118790,the-last-time-saw-richard,so
118791,the-last-time-saw-richard,sweet</span></span>
118792,the-last-time-saw-richard,<span
118793,the-last-time-saw-richard,"class=""l_row""><span>And"
118794,the-last-time-saw-richard,he
118795,the-last-time-saw-richard,bought
118796,the-last-time-saw-richard,her
118797,the-last-time-saw-richard,a
118798,the-last-time-saw-richard,dishwasher
118799,the-last-time-saw-richard,and
118800,the-last-time-saw-richard,a
118801,the-last-time-saw-richard,coffee
118802,the-last-time-saw-richard,percolator</span></span>
118803,the-last-time-saw-richard,<span
118804,the-last-time-saw-richard,"class=""l_row""><span>And"
118805,the-last-time-saw-richard,he
118806,the-last-time-saw-richard,drinks
118807,the-last-time-saw-richard,at
118808,the-last-time-saw-richard,home
118809,the-last-time-saw-richard,now
118810,the-last-time-saw-richard,most
118811,the-last-time-saw-richard,night
118812,the-last-time-saw-richard,with
118813,the-last-time-saw-richard,the
118814,the-last-time-saw-richard,TV
118815,the-last-time-saw-richard,on</span></span>
118816,the-last-time-saw-richard,<span
118817,the-last-time-saw-richard,"class=""l_row""><span>And"
118818,the-last-time-saw-richard,all
118819,the-last-time-saw-richard,the
118820,the-last-time-saw-richard,house
118821,the-last-time-saw-richard,lights
118822,the-last-time-saw-richard,left
118823,the-last-time-saw-richard,up
118824,the-last-time-saw-richard,bright</span></span>
118825,the-last-time-saw-richard,<span
118826,the-last-time-saw-richard,"class=""l_row""><span>I'm"
118827,the-last-time-saw-richard,gonna
118828,the-last-time-saw-richard,blow
118829,the-last-time-saw-richard,this
118830,the-last-time-saw-richard,damn
118831,the-last-time-saw-richard,candle
118832,the-last-time-saw-richard,out</span></span>
118833,the-last-time-saw-richard,<span
118834,the-last-time-saw-richard,"class=""l_row""><span>I"
118835,the-last-time-saw-richard,don't
118836,the-last-time-saw-richard,want
118837,the-last-time-saw-richard,nobody
118838,the-last-time-saw-richard,comin'
118839,the-last-time-saw-richard,over
118840,the-last-time-saw-richard,to
118841,the-last-time-saw-richard,my
118842,the-last-time-saw-richard,table</span></span>
118843,the-last-time-saw-richard,<span
118844,the-last-time-saw-richard,"class=""l_row""><span>I've"
118845,the-last-time-saw-richard,got
118846,the-last-time-saw-richard,nothing
118847,the-last-time-saw-richard,to
118848,the-last-time-saw-richard,talk
118849,the-last-time-saw-richard,to
118850,the-last-time-saw-richard,anybody
118851,the-last-time-saw-richard,about</span></span>
118852,the-last-time-saw-richard,<span
118853,the-last-time-saw-richard,"class=""l_row""><span>All"
118854,the-last-time-saw-richard,good
118855,the-last-time-saw-richard,dreamers
118856,the-last-time-saw-richard,passes
118857,the-last-time-saw-richard,this
118858,the-last-time-saw-richard,away
118859,the-last-time-saw-richard,someday</span></span>
118860,the-last-time-saw-richard,<span
118861,the-last-time-saw-richard,"class=""l_row""><span>Hidin'"
118862,the-last-time-saw-richard,behind
118863,the-last-time-saw-richard,bottles
118864,the-last-time-saw-richard,in
118865,the-last-time-saw-richard,dark
118866,the-last-time-saw-richard,cafes</span></span>
118867,the-last-time-saw-richard,<span
118868,the-last-time-saw-richard,"class=""l_row""><span>Dark"
118869,the-last-time-saw-richard,cafes</span></span>
118870,the-last-time-saw-richard,<span
118871,the-last-time-saw-richard,"class=""l_row""><span>Only"
118872,the-last-time-saw-richard,this
118873,the-last-time-saw-richard,darkness
118874,the-last-time-saw-richard,before</span></span>
118875,the-last-time-saw-richard,<span
118876,the-last-time-saw-richard,"class=""l_row""><span>I"
118877,the-last-time-saw-richard,get
118878,the-last-time-saw-richard,my
118879,the-last-time-saw-richard,gorgeous
118880,the-last-time-saw-richard,wings</span></span>
118881,the-last-time-saw-richard,<span
118882,the-last-time-saw-richard,"class=""l_row""><span>And"
118883,the-last-time-saw-richard,fly
118884,the-last-time-saw-richard,away</span></span>
118885,the-last-time-saw-richard,<span
118886,the-last-time-saw-richard,"class=""l_row""><span>Only"
118887,the-last-time-saw-richard,a
118888,the-last-time-saw-richard,"phase,"
118889,the-last-time-saw-richard,these
118890,the-last-time-saw-richard,dark
118891,the-last-time-saw-richard,cafe
118892,the-last-time-saw-richard,days</span></span>
118893,the-last-time-saw-richard,None
118894,the-last-time-saw-richard,<span
118895,the-last-time-saw-richard,"class=""l_row""><span>E"
118896,the-last-time-saw-richard,ele
118897,the-last-time-saw-richard,me
118898,the-last-time-saw-richard,disse
118899,the-last-time-saw-richard,que
118900,the-last-time-saw-richard,todos
118901,the-last-time-saw-richard,os
118902,the-last-time-saw-richard,românticos
118903,the-last-time-saw-richard,encontram
118904,the-last-time-saw-richard,o
118905,the-last-time-saw-richard,mesmo
118906,the-last-time-saw-richard,destino</span></span>
118907,the-last-time-saw-richard,<span
118908,the-last-time-saw-richard,"class=""l_row""><span>Algum"
118909,the-last-time-saw-richard,"dia,"
118910,the-last-time-saw-richard,cínico
118911,the-last-time-saw-richard,e
118912,the-last-time-saw-richard,amargo
118913,the-last-time-saw-richard,e
118914,the-last-time-saw-richard,chateando
118915,the-last-time-saw-richard,alguém</span></span>
118916,the-last-time-saw-richard,<span
118917,the-last-time-saw-richard,"class=""l_row""><span>Em"
118918,the-last-time-saw-richard,algum
118919,the-last-time-saw-richard,café
118920,the-last-time-saw-richard,escuro</span></span>
118921,the-last-time-saw-richard,<span
118922,the-last-time-saw-richard,"class=""l_row""><span>Você"
118923,the-last-time-saw-richard,"ri,"
118924,the-last-time-saw-richard,ele
118925,the-last-time-saw-richard,disse
118926,the-last-time-saw-richard,você
118927,the-last-time-saw-richard,pensa
118928,the-last-time-saw-richard,que
118929,the-last-time-saw-richard,você
118930,the-last-time-saw-richard,é
118931,the-last-time-saw-richard,imune</span></span>
118932,the-last-time-saw-richard,<span
118933,the-last-time-saw-richard,"class=""l_row""><span>Olhe"
118934,the-last-time-saw-richard,para
118935,the-last-time-saw-richard,seus
118936,the-last-time-saw-richard,olhos</span></span>
118937,the-last-time-saw-richard,<span
118938,the-last-time-saw-richard,"class=""l_row""><span>Eles"
118939,the-last-time-saw-richard,são
118940,the-last-time-saw-richard,cheios
118941,the-last-time-saw-richard,de
118942,the-last-time-saw-richard,lua</span></span>
118943,the-last-time-saw-richard,<span
118944,the-last-time-saw-richard,"class=""l_row""><span>Você"
118945,the-last-time-saw-richard,gosta
118946,the-last-time-saw-richard,de
118947,the-last-time-saw-richard,rosas
118948,the-last-time-saw-richard,e
118949,the-last-time-saw-richard,beijos
118950,the-last-time-saw-richard,e
118951,the-last-time-saw-richard,homens
118952,the-last-time-saw-richard,bonitos
118953,the-last-time-saw-richard,para
118954,the-last-time-saw-richard,lhe
118955,the-last-time-saw-richard,dizer</span></span>
118956,the-last-time-saw-richard,<span
118957,the-last-time-saw-richard,"class=""l_row""><span>Todas"
118958,the-last-time-saw-richard,essas
118959,the-last-time-saw-richard,lindas
118960,the-last-time-saw-richard,"mentiras,"
118961,the-last-time-saw-richard,lindas
118962,the-last-time-saw-richard,mentiras</span></span>
118963,the-last-time-saw-richard,<span
118964,the-last-time-saw-richard,"class=""l_row""><span>Quando"
118965,the-last-time-saw-richard,você
118966,the-last-time-saw-richard,vai
118967,the-last-time-saw-richard,perceber
118968,the-last-time-saw-richard,que
118969,the-last-time-saw-richard,são
118970,the-last-time-saw-richard,só
118971,the-last-time-saw-richard,lindas
118972,the-last-time-saw-richard,mentiras</span></span>
118973,the-last-time-saw-richard,<span
118974,the-last-time-saw-richard,"class=""l_row""><span>Só"
118975,the-last-time-saw-richard,lindas
118976,the-last-time-saw-richard,"mentiras,"
118977,the-last-time-saw-richard,lindas
118978,the-last-time-saw-richard,mentiras</span></span>
118979,the-last-time-saw-richard,<span
118980,the-last-time-saw-richard,"class=""l_row""><span>Três"
118981,the-last-time-saw-richard,teclas
118982,the-last-time-saw-richard,e
118983,the-last-time-saw-richard,a
118984,the-last-time-saw-richard,coisa
118985,the-last-time-saw-richard,começou
118986,the-last-time-saw-richard,a
118987,the-last-time-saw-richard,girar</span></span>
118988,the-last-time-saw-richard,<span
118989,the-last-time-saw-richard,"class=""l_row""><span>E"
118990,the-last-time-saw-richard,uma
118991,the-last-time-saw-richard,garçonete
118992,the-last-time-saw-richard,veio
118993,the-last-time-saw-richard,por
118994,the-last-time-saw-richard,uma
118995,the-last-time-saw-richard,meia
118996,the-last-time-saw-richard,arrastão
118997,the-last-time-saw-richard,e
118998,the-last-time-saw-richard,uma
118999,the-last-time-saw-richard,gravata
119000,the-last-time-saw-richard,borboleta</span></span>
119001,the-last-time-saw-richard,<span
119002,the-last-time-saw-richard,"class=""l_row""><span>E"
119003,the-last-time-saw-richard,ela
119004,the-last-time-saw-richard,disse:
119005,the-last-time-saw-richard,Bebam
119006,the-last-time-saw-richard,agora
119007,the-last-time-saw-richard,que
119008,the-last-time-saw-richard,está
119009,the-last-time-saw-richard,na
119010,the-last-time-saw-richard,hora
119011,the-last-time-saw-richard,de
119012,the-last-time-saw-richard,fechar</span></span>
119013,the-last-time-saw-richard,<span
119014,the-last-time-saw-richard,"class=""l_row""><span>Richard"
119015,the-last-time-saw-richard,","
119016,the-last-time-saw-richard,você
119017,the-last-time-saw-richard,não
119018,the-last-time-saw-richard,mudou
119019,the-last-time-saw-richard,de
119020,the-last-time-saw-richard,"verdade,"
119021,the-last-time-saw-richard,eu
119022,the-last-time-saw-richard,disse</span></span>
119023,the-last-time-saw-richard,<span
119024,the-last-time-saw-richard,"class=""l_row""><span>Só"
119025,the-last-time-saw-richard,que
119026,the-last-time-saw-richard,agora
119027,the-last-time-saw-richard,que
119028,the-last-time-saw-richard,você
119029,the-last-time-saw-richard,está
119030,the-last-time-saw-richard,romantizando
119031,the-last-time-saw-richard,alguma
119032,the-last-time-saw-richard,dor
119033,the-last-time-saw-richard,que
119034,the-last-time-saw-richard,está
119035,the-last-time-saw-richard,em
119036,the-last-time-saw-richard,sua
119037,the-last-time-saw-richard,cabeça</span></span>
119038,the-last-time-saw-richard,<span
119039,the-last-time-saw-richard,"class=""l_row""><span>Você"
119040,the-last-time-saw-richard,tem
119041,the-last-time-saw-richard,suas
119042,the-last-time-saw-richard,tumbas
119043,the-last-time-saw-richard,em
119044,the-last-time-saw-richard,seus
119045,the-last-time-saw-richard,"olhos,"
119046,the-last-time-saw-richard,mas
119047,the-last-time-saw-richard,as
119048,the-last-time-saw-richard,canções</span></span>
119049,the-last-time-saw-richard,<span
119050,the-last-time-saw-richard,"class=""l_row""><span>Que"
119051,the-last-time-saw-richard,você
119052,the-last-time-saw-richard,tirou
119053,the-last-time-saw-richard,estão
119054,the-last-time-saw-richard,sonhando</span></span>
119055,the-last-time-saw-richard,<span
119056,the-last-time-saw-richard,"class=""l_row""><span>Ouça,"
119057,the-last-time-saw-richard,elas
119058,the-last-time-saw-richard,falam
119059,the-last-time-saw-richard,de
119060,the-last-time-saw-richard,amor
119061,the-last-time-saw-richard,tão
119062,the-last-time-saw-richard,doce</span></span>
119063,the-last-time-saw-richard,<span
119064,the-last-time-saw-richard,"class=""l_row""><span>Quando"
119065,the-last-time-saw-richard,você
119066,the-last-time-saw-richard,vai
119067,the-last-time-saw-richard,estar
119068,the-last-time-saw-richard,de
119069,the-last-time-saw-richard,volta
119070,the-last-time-saw-richard,em
119071,the-last-time-saw-richard,seus
119072,the-last-time-saw-richard,pés?</span></span>
119073,the-last-time-saw-richard,<span
119074,the-last-time-saw-richard,"class=""l_row""><span>Oh"
119075,the-last-time-saw-richard,e
119076,the-last-time-saw-richard,o
119077,the-last-time-saw-richard,amor
119078,the-last-time-saw-richard,pode
119079,the-last-time-saw-richard,ser
119080,the-last-time-saw-richard,tão
119081,the-last-time-saw-richard,"doce,"
119082,the-last-time-saw-richard,amor
119083,the-last-time-saw-richard,tão
119084,the-last-time-saw-richard,doce</span></span>
119085,the-last-time-saw-richard,<span
119086,the-last-time-saw-richard,"class=""l_row""><span>E"
119087,the-last-time-saw-richard,ele
119088,the-last-time-saw-richard,comprou-lhe
119089,the-last-time-saw-richard,uma
119090,the-last-time-saw-richard,máquina
119091,the-last-time-saw-richard,de
119092,the-last-time-saw-richard,lavar
119093,the-last-time-saw-richard,louça
119094,the-last-time-saw-richard,e
119095,the-last-time-saw-richard,uma
119096,the-last-time-saw-richard,cafeteira</span></span>
119097,the-last-time-saw-richard,<span
119098,the-last-time-saw-richard,"class=""l_row""><span>E"
119099,the-last-time-saw-richard,agora
119100,the-last-time-saw-richard,ele
119101,the-last-time-saw-richard,bebe
119102,the-last-time-saw-richard,em
119103,the-last-time-saw-richard,casa
119104,the-last-time-saw-richard,a
119105,the-last-time-saw-richard,maioria
119106,the-last-time-saw-richard,das
119107,the-last-time-saw-richard,noites
119108,the-last-time-saw-richard,com
119109,the-last-time-saw-richard,a
119110,the-last-time-saw-richard,TV
119111,the-last-time-saw-richard,ligada</span></span>
119112,the-last-time-saw-richard,<span
119113,the-last-time-saw-richard,"class=""l_row""><span>E"
119114,the-last-time-saw-richard,todas
119115,the-last-time-saw-richard,as
119116,the-last-time-saw-richard,luzes
119117,the-last-time-saw-richard,da
119118,the-last-time-saw-richard,casa
119119,the-last-time-saw-richard,acesas</span></span>
119120,the-last-time-saw-richard,<span
119121,the-last-time-saw-richard,"class=""l_row""><span>Eu"
119122,the-last-time-saw-richard,vou
119123,the-last-time-saw-richard,soprar
119124,the-last-time-saw-richard,esta
119125,the-last-time-saw-richard,droga
119126,the-last-time-saw-richard,de
119127,the-last-time-saw-richard,vela</span></span>
119128,the-last-time-saw-richard,<span
119129,the-last-time-saw-richard,"class=""l_row""><span>Eu"
119130,the-last-time-saw-richard,não
119131,the-last-time-saw-richard,quero
119132,the-last-time-saw-richard,mais
119133,the-last-time-saw-richard,ninguém
119134,the-last-time-saw-richard,vindo
119135,the-last-time-saw-richard,à
119136,the-last-time-saw-richard,minha
119137,the-last-time-saw-richard,mesa</span></span>
119138,the-last-time-saw-richard,<span
119139,the-last-time-saw-richard,"class=""l_row""><span>Eu"
119140,the-last-time-saw-richard,não
119141,the-last-time-saw-richard,tenho
119142,the-last-time-saw-richard,nada
119143,the-last-time-saw-richard,para
119144,the-last-time-saw-richard,conversar
119145,the-last-time-saw-richard,com
119146,the-last-time-saw-richard,ninguém</span></span>
119147,the-last-time-saw-richard,<span
119148,the-last-time-saw-richard,"class=""l_row""><span>Todos"
119149,the-last-time-saw-richard,os
119150,the-last-time-saw-richard,bons
119151,the-last-time-saw-richard,sonhadores
119152,the-last-time-saw-richard,deixam
119153,the-last-time-saw-richard,isso
119154,the-last-time-saw-richard,passar
119155,the-last-time-saw-richard,um
119156,the-last-time-saw-richard,dia</span></span>
119157,the-last-time-saw-richard,<span
119158,the-last-time-saw-richard,"class=""l_row""><span>Escondendo"
119159,the-last-time-saw-richard,atrás
119160,the-last-time-saw-richard,de
119161,the-last-time-saw-richard,garrafas
119162,the-last-time-saw-richard,em
119163,the-last-time-saw-richard,cafés
119164,the-last-time-saw-richard,escuros</span></span>
119165,the-last-time-saw-richard,<span
119166,the-last-time-saw-richard,"class=""l_row""><span>Cafés"
119167,the-last-time-saw-richard,escuros</span></span>
119168,the-last-time-saw-richard,<span
119169,the-last-time-saw-richard,"class=""l_row""><span>Apenas"
119170,the-last-time-saw-richard,essa
119171,the-last-time-saw-richard,escuridão
119172,the-last-time-saw-richard,antes</span></span>
119173,the-last-time-saw-richard,<span
119174,the-last-time-saw-richard,"class=""l_row""><span>Eu"
119175,the-last-time-saw-richard,pego
119176,the-last-time-saw-richard,minhas
119177,the-last-time-saw-richard,lindas
119178,the-last-time-saw-richard,asas</span></span>
119179,the-last-time-saw-richard,<span
119180,the-last-time-saw-richard,"class=""l_row""><span>E"
119181,the-last-time-saw-richard,vôo
119182,the-last-time-saw-richard,para
119183,the-last-time-saw-richard,longe</span></span>
119184,the-last-time-saw-richard,<span
119185,the-last-time-saw-richard,"class=""l_row""><span>Apenas"
119186,the-last-time-saw-richard,uma
119187,the-last-time-saw-richard,"fase,"
119188,the-last-time-saw-richard,estes
119189,the-last-time-saw-richard,dias
119190,the-last-time-saw-richard,de
119191,the-last-time-saw-richard,cafés
119192,the-last-time-saw-richard,escuros</span></span>
119193,the-last-time-saw-richard,None
119552,travessia-do-eixao,Na
119553,travessia-do-eixao,casa
119554,travessia-do-eixao,da
119555,travessia-do-eixao,Noélia
119556,travessia-do-eixao,Fazei
119557,travessia-do-eixao,com
119558,travessia-do-eixao,que
119559,travessia-do-eixao,eu
119560,travessia-do-eixao,chegue
119561,travessia-do-eixao,são
119562,travessia-do-eixao,e
119563,travessia-do-eixao,salvo
119564,travessia-do-eixao,Na
119565,travessia-do-eixao,casa
119566,travessia-do-eixao,da
119567,travessia-do-eixao,Noélia
119568,travessia-do-eixao,Protetora
119569,travessia-do-eixao,dos
119570,travessia-do-eixao,pedestres
119571,travessia-do-eixao,Que
119572,travessia-do-eixao,atravessam
119573,travessia-do-eixao,o
119574,travessia-do-eixao,eixão
119575,travessia-do-eixao,Às
119576,travessia-do-eixao,seis
119577,travessia-do-eixao,horas
119578,travessia-do-eixao,da
119579,travessia-do-eixao,tarde
119580,travessia-do-eixao,Fazei
119581,travessia-do-eixao,com
119582,travessia-do-eixao,que
119583,travessia-do-eixao,eu
119584,travessia-do-eixao,chegue
119585,travessia-do-eixao,são
119586,travessia-do-eixao,e
119587,travessia-do-eixao,salvo
119588,travessia-do-eixao,Na
119589,travessia-do-eixao,casa
119590,travessia-do-eixao,da
119591,travessia-do-eixao,Noélia
119592,travessia-do-eixao,Fazei
119593,travessia-do-eixao,com
119594,travessia-do-eixao,que
119595,travessia-do-eixao,eu
119596,travessia-do-eixao,chegue
119597,travessia-do-eixao,são
119598,travessia-do-eixao,e
119599,travessia-do-eixao,salvo
119600,travessia-do-eixao,Na
119601,travessia-do-eixao,casa
119602,travessia-do-eixao,da
119603,travessia-do-eixao,Noélia
119604,travessia-do-eixao,Protetora
119605,travessia-do-eixao,dos
119606,travessia-do-eixao,pedestres
119607,travessia-do-eixao,Que
119608,travessia-do-eixao,atravessam
119609,travessia-do-eixao,o
119610,travessia-do-eixao,eixão
119611,travessia-do-eixao,Às
119612,travessia-do-eixao,seis
119613,travessia-do-eixao,horas
119614,travessia-do-eixao,da
119615,travessia-do-eixao,tarde
119616,travessia-do-eixao,Fazei
119617,travessia-do-eixao,com
119618,travessia-do-eixao,que
119619,travessia-do-eixao,eu
119620,travessia-do-eixao,chegue
119621,travessia-do-eixao,são
119622,travessia-do-eixao,e
119623,travessia-do-eixao,salvo
119624,travessia-do-eixao,Na
119625,travessia-do-eixao,casa
119626,travessia-do-eixao,da
119627,travessia-do-eixao,Noélia
119628,travessia-do-eixao,Fazei
119629,travessia-do-eixao,com
119630,travessia-do-eixao,que
119631,travessia-do-eixao,eu
119632,travessia-do-eixao,chegue
119633,travessia-do-eixao,são
119634,travessia-do-eixao,e
119635,travessia-do-eixao,salvo
119636,travessia-do-eixao,Na
119637,travessia-do-eixao,casa
119638,travessia-do-eixao,da
119639,travessia-do-eixao,Noélia
119640,travessia-do-eixao,Protetora
119641,travessia-do-eixao,dos
119642,travessia-do-eixao,pedestres
119643,travessia-do-eixao,Que
119644,travessia-do-eixao,atravessam
119645,travessia-do-eixao,o
119646,travessia-do-eixao,eixão
119647,travessia-do-eixao,Às
119648,travessia-do-eixao,seis
119649,travessia-do-eixao,horas
119650,travessia-do-eixao,da
119651,travessia-do-eixao,tarde....
119652,travessia-do-eixao,None
120486,um-dia-perfeito,Há
120487,um-dia-perfeito,menos
120488,um-dia-perfeito,de
120489,um-dia-perfeito,trinta
120490,um-dia-perfeito,e
120491,um-dia-perfeito,duas
120492,um-dia-perfeito,horas
120493,um-dia-perfeito,atrás
120494,um-dia-perfeito,Hoje
120495,um-dia-perfeito,a
120496,um-dia-perfeito,gente
120497,um-dia-perfeito,fica
120498,um-dia-perfeito,na
120499,um-dia-perfeito,varanda
120500,um-dia-perfeito,Um
120501,um-dia-perfeito,dia
120502,um-dia-perfeito,perfeito
120503,um-dia-perfeito,com
120504,um-dia-perfeito,as
120505,um-dia-perfeito,crianças
120506,um-dia-perfeito,É
120507,um-dia-perfeito,tão
120508,um-dia-perfeito,bom
120509,um-dia-perfeito,estarmos
120510,um-dia-perfeito,juntos
120511,um-dia-perfeito,E
120512,um-dia-perfeito,tão
120513,um-dia-perfeito,simples:
120514,um-dia-perfeito,Dia
120515,um-dia-perfeito,perfeito
120516,um-dia-perfeito,Que
120517,um-dia-perfeito,vai
120518,um-dia-perfeito,chover!
120519,um-dia-perfeito,Olha
120520,um-dia-perfeito,a
120521,um-dia-perfeito,chuva!
120522,um-dia-perfeito,Eu
120523,um-dia-perfeito,acredito
120524,um-dia-perfeito,nos
120525,um-dia-perfeito,meus
120526,um-dia-perfeito,ideais
120527,um-dia-perfeito,Podem
120528,um-dia-perfeito,até
120529,um-dia-perfeito,maltratar
120530,um-dia-perfeito,meu
120531,um-dia-perfeito,coração
120532,um-dia-perfeito,Que
120533,um-dia-perfeito,meu
120534,um-dia-perfeito,espírito
120535,um-dia-perfeito,ninguém
120536,um-dia-perfeito,vai
120537,um-dia-perfeito,conseguir
120538,um-dia-perfeito,quebrar!
120539,um-dia-perfeito,None
121420,uma-outra-estacao,Se
121421,uma-outra-estacao,me
121422,uma-outra-estacao,vejo
121423,uma-outra-estacao,feliz
121424,uma-outra-estacao,quase
121425,uma-outra-estacao,sempre
121426,uma-outra-estacao,exijo
121427,uma-outra-estacao,um
121428,uma-outra-estacao,talvez
121429,uma-outra-estacao,Ela
121430,uma-outra-estacao,mora
121431,uma-outra-estacao,perto
121432,uma-outra-estacao,de
121433,uma-outra-estacao,um
121434,uma-outra-estacao,vulcão
121435,uma-outra-estacao,E
121436,uma-outra-estacao,meu
121437,uma-outra-estacao,coração
121438,uma-outra-estacao,suburbano
121439,uma-outra-estacao,espera
121440,uma-outra-estacao,riquezas
121441,uma-outra-estacao,maiores
121442,uma-outra-estacao,E
121443,uma-outra-estacao,sou
121444,uma-outra-estacao,descendente
121445,uma-outra-estacao,dos
121446,uma-outra-estacao,astecas
121447,uma-outra-estacao,Hoje
121448,uma-outra-estacao,vai
121449,uma-outra-estacao,ter
121450,uma-outra-estacao,prova
121451,uma-outra-estacao,Mas
121452,uma-outra-estacao,no
121453,uma-outra-estacao,final
121454,uma-outra-estacao,da
121455,uma-outra-estacao,aula
121456,uma-outra-estacao,Acho
121457,uma-outra-estacao,que
121458,uma-outra-estacao,tem
121459,uma-outra-estacao,futebol
121460,uma-outra-estacao,Gosto
121461,uma-outra-estacao,quando
121462,uma-outra-estacao,sorris
121463,uma-outra-estacao,para
121464,uma-outra-estacao,mim
121465,uma-outra-estacao,Estou
121466,uma-outra-estacao,em
121467,uma-outra-estacao,outra
121468,uma-outra-estacao,estação
121469,uma-outra-estacao,Gosto
121470,uma-outra-estacao,do
121471,uma-outra-estacao,jeito
121472,uma-outra-estacao,que
121473,uma-outra-estacao,sou
121474,uma-outra-estacao,Quem
121475,uma-outra-estacao,insiste
121476,uma-outra-estacao,em
121477,uma-outra-estacao,julgar
121478,uma-outra-estacao,os
121479,uma-outra-estacao,outros
121480,uma-outra-estacao,Sempre
121481,uma-outra-estacao,tem
121482,uma-outra-estacao,alguma
121483,uma-outra-estacao,coisa
121484,uma-outra-estacao,p'ra
121485,uma-outra-estacao,esconder
121486,uma-outra-estacao,Teu
121487,uma-outra-estacao,espírito
121488,uma-outra-estacao,alegra
121489,uma-outra-estacao,minha
121490,uma-outra-estacao,mente
121491,uma-outra-estacao,Tua
121492,uma-outra-estacao,mente
121493,uma-outra-estacao,descansa
121494,uma-outra-estacao,meu
121495,uma-outra-estacao,corpo
121496,uma-outra-estacao,Teu
121497,uma-outra-estacao,corpo
121498,uma-outra-estacao,aceita
121499,uma-outra-estacao,o
121500,uma-outra-estacao,meu
121501,uma-outra-estacao,como
121502,uma-outra-estacao,a
121503,uma-outra-estacao,um
121504,uma-outra-estacao,irmão
121505,uma-outra-estacao,Estou
121506,uma-outra-estacao,em
121507,uma-outra-estacao,outra
121508,uma-outra-estacao,estação
121509,uma-outra-estacao,Temos
121510,uma-outra-estacao,muito
121511,uma-outra-estacao,o
121512,uma-outra-estacao,que
121513,uma-outra-estacao,aprender
121514,uma-outra-estacao,É
121515,uma-outra-estacao,um
121516,uma-outra-estacao,feitiço
121517,uma-outra-estacao,tão
121518,uma-outra-estacao,latino
121519,uma-outra-estacao,Essa
121520,uma-outra-estacao,preguiça
121521,uma-outra-estacao,ser
121522,uma-outra-estacao,feitiço
121523,uma-outra-estacao,Mas
121524,uma-outra-estacao,tudo
121525,uma-outra-estacao,bem
121526,uma-outra-estacao,És
121527,uma-outra-estacao,fogo
121528,uma-outra-estacao,e
121529,uma-outra-estacao,gelo
121530,uma-outra-estacao,ao
121531,uma-outra-estacao,mesmo
121532,uma-outra-estacao,tempo
121533,uma-outra-estacao,E
121534,uma-outra-estacao,vai
121535,uma-outra-estacao,ser
121536,uma-outra-estacao,bom
121537,uma-outra-estacao,Teremos
121538,uma-outra-estacao,o
121539,uma-outra-estacao,fim
121540,uma-outra-estacao,de
121541,uma-outra-estacao,semana
121542,uma-outra-estacao,só
121543,uma-outra-estacao,pra
121544,uma-outra-estacao,nós
121545,uma-outra-estacao,Não
121546,uma-outra-estacao,tenha
121547,uma-outra-estacao,medo
121548,uma-outra-estacao,Tem
121549,uma-outra-estacao,muita
121550,uma-outra-estacao,gente
121551,uma-outra-estacao,Que
121552,uma-outra-estacao,pensa
121553,uma-outra-estacao,o
121554,uma-outra-estacao,mesmo
121555,uma-outra-estacao,Estou
121556,uma-outra-estacao,em
121557,uma-outra-estacao,outra
121558,uma-outra-estacao,estação
121559,uma-outra-estacao,Estou
121560,uma-outra-estacao,"longe,"
121561,uma-outra-estacao,longe
121562,uma-outra-estacao,Em
121563,uma-outra-estacao,outra
121564,uma-outra-estacao,estação
121565,uma-outra-estacao,Estou
121566,uma-outra-estacao,em
121567,uma-outra-estacao,outra
121568,uma-outra-estacao,estação
121569,uma-outra-estacao,Estou
121570,uma-outra-estacao,"longe,"
121571,uma-outra-estacao,longe
121572,uma-outra-estacao,None
122354,vamos-fazer-um-filme,Que
122355,vamos-fazer-um-filme,tinha
122356,vamos-fazer-um-filme,sido
122357,vamos-fazer-um-filme,há
122358,vamos-fazer-um-filme,tanto
122359,vamos-fazer-um-filme,tempo
122360,vamos-fazer-um-filme,atrás
122361,vamos-fazer-um-filme,Um
122362,vamos-fazer-um-filme,bom
122363,vamos-fazer-um-filme,exemplo
122364,vamos-fazer-um-filme,de
122365,vamos-fazer-um-filme,bondade
122366,vamos-fazer-um-filme,e
122367,vamos-fazer-um-filme,respeito
122368,vamos-fazer-um-filme,Do
122369,vamos-fazer-um-filme,que
122370,vamos-fazer-um-filme,o
122371,vamos-fazer-um-filme,verdadeiro
122372,vamos-fazer-um-filme,amor
122373,vamos-fazer-um-filme,é
122374,vamos-fazer-um-filme,capaz
122375,vamos-fazer-um-filme,A
122376,vamos-fazer-um-filme,minha
122377,vamos-fazer-um-filme,escola
122378,vamos-fazer-um-filme,não
122379,vamos-fazer-um-filme,tem
122380,vamos-fazer-um-filme,personagem
122381,vamos-fazer-um-filme,A
122382,vamos-fazer-um-filme,minha
122383,vamos-fazer-um-filme,escola
122384,vamos-fazer-um-filme,tem
122385,vamos-fazer-um-filme,gente
122386,vamos-fazer-um-filme,de
122387,vamos-fazer-um-filme,verdade
122388,vamos-fazer-um-filme,Alguém
122389,vamos-fazer-um-filme,falou
122390,vamos-fazer-um-filme,do
122391,vamos-fazer-um-filme,fim
122392,vamos-fazer-um-filme,do
122393,vamos-fazer-um-filme,"mundo,"
122394,vamos-fazer-um-filme,o
122395,vamos-fazer-um-filme,fim
122396,vamos-fazer-um-filme,do
122397,vamos-fazer-um-filme,mundo
122398,vamos-fazer-um-filme,já
122399,vamos-fazer-um-filme,passou
122400,vamos-fazer-um-filme,Vamos
122401,vamos-fazer-um-filme,começar
122402,vamos-fazer-um-filme,de
122403,vamos-fazer-um-filme,novo:
122404,vamos-fazer-um-filme,Um
122405,vamos-fazer-um-filme,por
122406,vamos-fazer-um-filme,"todos,"
122407,vamos-fazer-um-filme,todos
122408,vamos-fazer-um-filme,por
122409,vamos-fazer-um-filme,um
122410,vamos-fazer-um-filme,Viver
122411,vamos-fazer-um-filme,é
122412,vamos-fazer-um-filme,"foda,"
122413,vamos-fazer-um-filme,morrer
122414,vamos-fazer-um-filme,é
122415,vamos-fazer-um-filme,difícil
122416,vamos-fazer-um-filme,Te
122417,vamos-fazer-um-filme,ver
122418,vamos-fazer-um-filme,é
122419,vamos-fazer-um-filme,uma
122420,vamos-fazer-um-filme,necessidade
122421,vamos-fazer-um-filme,Vamos
122422,vamos-fazer-um-filme,fazer
122423,vamos-fazer-um-filme,um
122424,vamos-fazer-um-filme,filme
122425,vamos-fazer-um-filme,O
122426,vamos-fazer-um-filme,sistema
122427,vamos-fazer-um-filme,é
122428,vamos-fazer-um-filme,"maus,"
122429,vamos-fazer-um-filme,mas
122430,vamos-fazer-um-filme,minha
122431,vamos-fazer-um-filme,turma
122432,vamos-fazer-um-filme,é
122433,vamos-fazer-um-filme,legal
122434,vamos-fazer-um-filme,Viver
122435,vamos-fazer-um-filme,é
122436,vamos-fazer-um-filme,"foda,"
122437,vamos-fazer-um-filme,morrer
122438,vamos-fazer-um-filme,é
122439,vamos-fazer-um-filme,difícil
122440,vamos-fazer-um-filme,Te
122441,vamos-fazer-um-filme,ver
122442,vamos-fazer-um-filme,é
122443,vamos-fazer-um-filme,uma
122444,vamos-fazer-um-filme,necessidade
122445,vamos-fazer-um-filme,Vamos
122446,vamos-fazer-um-filme,fazer
122447,vamos-fazer-um-filme,um
122448,vamos-fazer-um-filme,filme
122449,vamos-fazer-um-filme,E
122450,vamos-fazer-um-filme,hoje
122451,vamos-fazer-um-filme,em
122452,vamos-fazer-um-filme,"dia,"
122453,vamos-fazer-um-filme,como
122454,vamos-fazer-um-filme,é
122455,vamos-fazer-um-filme,que
122456,vamos-fazer-um-filme,se
122457,vamos-fazer-um-filme,diz
122458,vamos-fazer-um-filme,eu
122459,vamos-fazer-um-filme,te
122460,vamos-fazer-um-filme,amo?
122461,vamos-fazer-um-filme,Somos
122462,vamos-fazer-um-filme,muito
122463,vamos-fazer-um-filme,mais
122464,vamos-fazer-um-filme,que
122465,vamos-fazer-um-filme,isso
122466,vamos-fazer-um-filme,Somos
122467,vamos-fazer-um-filme,"pinguim,"
122468,vamos-fazer-um-filme,somos
122469,vamos-fazer-um-filme,golfinho
122470,vamos-fazer-um-filme,"Homem,"
122471,vamos-fazer-um-filme,sereia
122472,vamos-fazer-um-filme,e
122473,vamos-fazer-um-filme,beija-flor
122474,vamos-fazer-um-filme,"Leão,"
122475,vamos-fazer-um-filme,leoa
122476,vamos-fazer-um-filme,e
122477,vamos-fazer-um-filme,leão-marinho
122478,vamos-fazer-um-filme,Eu
122479,vamos-fazer-um-filme,preciso
122480,vamos-fazer-um-filme,e
122481,vamos-fazer-um-filme,quero
122482,vamos-fazer-um-filme,ter
122483,vamos-fazer-um-filme,"carinho,"
122484,vamos-fazer-um-filme,liberdade
122485,vamos-fazer-um-filme,e
122486,vamos-fazer-um-filme,respeito
122487,vamos-fazer-um-filme,Chega
122488,vamos-fazer-um-filme,de
122489,vamos-fazer-um-filme,opressão
122490,vamos-fazer-um-filme,Quero
122491,vamos-fazer-um-filme,viver
122492,vamos-fazer-um-filme,a
122493,vamos-fazer-um-filme,minha
122494,vamos-fazer-um-filme,vida
122495,vamos-fazer-um-filme,em
122496,vamos-fazer-um-filme,paz
122497,vamos-fazer-um-filme,Quero
122498,vamos-fazer-um-filme,irmãos
122499,vamos-fazer-um-filme,e
122500,vamos-fazer-um-filme,irmãs
122501,vamos-fazer-um-filme,Deve
122502,vamos-fazer-um-filme,de
122503,vamos-fazer-um-filme,ser
122504,vamos-fazer-um-filme,cisma
122505,vamos-fazer-um-filme,minha
122506,vamos-fazer-um-filme,Mas
122507,vamos-fazer-um-filme,a
122508,vamos-fazer-um-filme,única
122509,vamos-fazer-um-filme,maneira
122510,vamos-fazer-um-filme,ainda
122511,vamos-fazer-um-filme,De
122512,vamos-fazer-um-filme,imaginar
122513,vamos-fazer-um-filme,a
122514,vamos-fazer-um-filme,minha
122515,vamos-fazer-um-filme,vida
122516,vamos-fazer-um-filme,É
122517,vamos-fazer-um-filme,vê-la
122518,vamos-fazer-um-filme,como
122519,vamos-fazer-um-filme,um
122520,vamos-fazer-um-filme,musical
122521,vamos-fazer-um-filme,dos
122522,vamos-fazer-um-filme,anos
122523,vamos-fazer-um-filme,trinta
122524,vamos-fazer-um-filme,E
122525,vamos-fazer-um-filme,no
122526,vamos-fazer-um-filme,meio
122527,vamos-fazer-um-filme,de
122528,vamos-fazer-um-filme,uma
122529,vamos-fazer-um-filme,depressão
122530,vamos-fazer-um-filme,Te
122531,vamos-fazer-um-filme,ver
122532,vamos-fazer-um-filme,e
122533,vamos-fazer-um-filme,ter
122534,vamos-fazer-um-filme,beleza
122535,vamos-fazer-um-filme,e
122536,vamos-fazer-um-filme,fantasia
122537,vamos-fazer-um-filme,E
122538,vamos-fazer-um-filme,hoje
122539,vamos-fazer-um-filme,em
122540,vamos-fazer-um-filme,"dia,"
122541,vamos-fazer-um-filme,como
122542,vamos-fazer-um-filme,é
122543,vamos-fazer-um-filme,que
122544,vamos-fazer-um-filme,se
122545,vamos-fazer-um-filme,diz
122546,vamos-fazer-um-filme,eu
122547,vamos-fazer-um-filme,te
122548,vamos-fazer-um-filme,amo?
122549,vamos-fazer-um-filme,E
122550,vamos-fazer-um-filme,hoje
122551,vamos-fazer-um-filme,em
122552,vamos-fazer-um-filme,"dia,"
122553,vamos-fazer-um-filme,como
122554,vamos-fazer-um-filme,é
122555,vamos-fazer-um-filme,que
122556,vamos-fazer-um-filme,se
122557,vamos-fazer-um-filme,diz
122558,vamos-fazer-um-filme,eu
122559,vamos-fazer-um-filme,te
122560,vamos-fazer-um-filme,amo?
122561,vamos-fazer-um-filme,E
122562,vamos-fazer-um-filme,hoje
122563,vamos-fazer-um-filme,em
122564,vamos-fazer-um-filme,"dia,"
122565,vamos-fazer-um-filme,vamos
122566,vamos-fazer-um-filme,fazer
122567,vamos-fazer-um-filme,um
122568,vamos-fazer-um-filme,filme
122569,vamos-fazer-um-filme,Eu
122570,vamos-fazer-um-filme,te
122571,vamos-fazer-um-filme,amo
122572,vamos-fazer-um-filme,Eu
122573,vamos-fazer-um-filme,te
122574,vamos-fazer-um-filme,amo
122575,vamos-fazer-um-filme,None
123288,vinte-nove,Por
123289,vinte-nove,conta
123290,vinte-nove,de
123291,vinte-nove,uma
123292,vinte-nove,pedra
123293,vinte-nove,em
123294,vinte-nove,minhas
123295,vinte-nove,mãos
123296,vinte-nove,Me
123297,vinte-nove,embriaguei
123298,vinte-nove,morrendo
123299,vinte-nove,vinte
123300,vinte-nove,e
123301,vinte-nove,nove
123302,vinte-nove,vezes
123303,vinte-nove,Estou
123304,vinte-nove,aprendendo
123305,vinte-nove,a
123306,vinte-nove,viver
123307,vinte-nove,sem
123308,vinte-nove,você
123309,vinte-nove,Já
123310,vinte-nove,que
123311,vinte-nove,você
123312,vinte-nove,não
123313,vinte-nove,me
123314,vinte-nove,quer
123315,vinte-nove,mais
123316,vinte-nove,E
123317,vinte-nove,vinte
123318,vinte-nove,e
123319,vinte-nove,nove
123320,vinte-nove,dias
123321,vinte-nove,na
123322,vinte-nove,prisão
123323,vinte-nove,E
123324,vinte-nove,aos
123325,vinte-nove,vinte
123326,vinte-nove,e
123327,vinte-nove,"nove,"
123328,vinte-nove,com
123329,vinte-nove,o
123330,vinte-nove,retorno
123331,vinte-nove,de
123332,vinte-nove,Saturno
123333,vinte-nove,Decidi
123334,vinte-nove,começar
123335,vinte-nove,a
123336,vinte-nove,viver
123337,vinte-nove,Aprendi
123338,vinte-nove,a
123339,vinte-nove,perdoar
123340,vinte-nove,E
123341,vinte-nove,a
123342,vinte-nove,pedir
123343,vinte-nove,perdão
123344,vinte-nove,E
123345,vinte-nove,tive
123346,vinte-nove,vinte
123347,vinte-nove,e
123348,vinte-nove,nove
123349,vinte-nove,amigos
123350,vinte-nove,outra
123351,vinte-nove,vez
123352,vinte-nove,None
